"DefaultSPUID","DefaultForestTypeID","A","B","a_nonmerch","b_nonmerch","k_nonmerch","cap_nonmerch","a_sap","b_sap","k_sap","cap_sap","a1","a2","a3","b1","b2","b3","c1","c2","c3","min_volume","max_volume","low_stemwood_prop","high_stemwood_prop","low_stembark_prop","high_stembark_prop","low_branches_prop","high_branches_prop","low_foliage_prop","high_foliage_prop"
1,1,0.84,0.87,10.48,-0.76,0.78,5.35,0.00,0.00,1.00,1.00,-1.59,4.206e-04,-0.04,-0.57,1.466e-04,-0.15,0.82,-4.96e-04,-0.38,0.17,347.42,0.35,0.61,0.06,0.11,0.15,0.14,0.42,0.12
1,2,0.65,0.94,5.63,-0.33,0.00,3.74,0.00,0.00,1.00,1.00,-1.60,1.927e-04,-0.02,-0.66,2.5143e-03,-0.14,0.38,1.084e-03,-0.41,0.53,260.64,0.43,0.54,0.08,0.10,0.17,0.24,0.30,0.10
1,3,1.37,0.82,2.47,-0.10,0.00,2.40,0.00,0.00,1.00,1.00,-1.60,1.927e-04,-0.02,-0.66,2.5143e-03,-0.14,0.38,1.084e-03,-0.41,0.53,260.64,0.43,0.54,0.08,0.10,0.17,0.24,0.30,0.10
3,1,0.75,0.90,7.22,-0.46,0.00,6.12,0.00,0.00,1.00,1.00,-1.36,7.03e-05,-0.08,-0.60,-2.703e-04,-0.11,0.56,-1.445e-03,-0.34,0.59,268.06,0.37,0.62,0.08,0.10,0.16,0.16,0.36,0.10
3,2,1.18,0.83,2.47,-0.10,0.00,2.40,0.00,0.00,1.00,1.00,-1.60,1.927e-04,-0.02,-0.66,2.5143e-03,-0.14,0.38,1.084e-03,-0.41,0.53,260.64,0.43,0.54,0.08,0.10,0.17,0.24,0.30,0.10
3,3,1.37,0.82,2.47,-0.10,0.00,2.40,0.00,0.00,1.00,1.00,-1.60,1.927e-04,-0.02,-0.66,2.5143e-03,-0.14,0.38,1.084e-03,-0.41,0.53,260.64,0.43,0.54,0.08,0.10,0.17,0.24,0.30,0.10
4,1,0.84,0.87,10.48,-0.76,0.78,5.35,0.00,0.00,1.00,1.00,-1.59,4.206e-04,-0.04,-0.57,1.466e-04,-0.15,0.82,-4.96e-04,-0.38,0.17,347.42,0.35,0.61,0.06,0.11,0.15,0.14,0.42,0.12
4,2,0.65,0.94,5.63,-0.33,0.00,3.74,0.00,0.00,1.00,1.00,-1.60,1.927e-04,-0.02,-0.66,2.5143e-03,-0.14,0.38,1.084e-03,-0.41,0.53,260.64,0.43,0.54,0.08,0.10,0.17,0.24,0.30,0.10
4,3,1.37,0.82,2.47,-0.10,0.00,2.40,0.00,0.00,1.00,1.00,-1.60,1.927e-04,-0.02,-0.66,2.5143e-03,-0.14,0.38,1.084e-03,-0.41,0.53,260.64,0.43,0.54,0.08,0.10,0.17,0.24,0.30,0.10
5,1,0.51,0.95,5.43,-0.87,0.93,2.75,1.00,0.00,0.00,1.00,-1.37,-2.833e-04,-0.07,0.66,1.1636e-03,-0.41,0.02,1.77e-04,-0.38,0.13,1061.85,0.36,0.63,0.08,0.07,0.35,0.23,0.19,0.05
5,2,0.52,0.99,17.18,-1.08,0.94,3.35,1.00,0.00,0.00,1.00,-1.07,4.63e-05,-0.14,0.20,8.824e-04,-0.28,-0.89,8.3e-05,-0.28,0.29,680.57,0.43,0.64,0.11,0.09,0.33,0.22,0.11,0.04
5,3,0.62,1.00,34.99,-1.26,0.95,4.60,1.00,0.00,0.00,1.00,-1.06,3.532e-04,-0.17,-0.27,5.985e-04,-0.16,-2.00,-1.88e-04,-0.18,0.13,652.11,0.51,0.63,0.13,0.09,0.30,0.24,0.05,0.02
6,1,0.69,0.90,5.43,-0.87,0.93,2.75,1.00,0.00,0.00,1.00,-1.57,-1.7031e-03,-2.79e-03,-0.28,-2.893e-04,-0.19,0.75,-6.81e-04,-0.46,0.33,643.48,0.36,0.76,0.07,0.05,0.19,0.13,0.35,0.05
6,2,0.63,0.95,17.18,-1.08,0.94,3.35,1.00,0.00,0.00,1.00,-0.52,9.043e-04,-0.26,-0.25,6.478e-04,-0.21,1.47,1.026e-03,-0.72,2.00,383.65,0.34,0.65,0.12,0.11,0.17,0.18,0.36,0.05
6,3,0.72,0.96,34.99,-1.26,0.95,4.60,1.00,0.00,0.00,1.00,0.06,2.7884e-03,-0.46,0.12,7.449e-04,-0.25,0.81,-6.67e-04,-0.63,0.87,472.97,0.34,0.62,0.16,0.14,0.24,0.20,0.25,0.02
7,1,0.76,0.87,9.08,-1.08,0.95,2.72,0.00,0.00,1.00,1.00,-1.36,5.622e-04,-0.09,-0.84,1.964e-04,-0.03,-0.26,7.2e-05,-0.26,0.18,608.22,0.47,0.57,0.10,0.11,0.19,0.22,0.23,0.08
7,2,0.60,0.95,14.93,-1.01,0.88,3.78,0.00,0.00,1.00,1.00,-1.10,5.147e-04,-0.11,-1.54,4.377e-04,0.11,-0.44,2.013e-03,-0.39,0.51,1001.15,0.53,0.43,0.14,0.10,0.13,0.31,0.17,0.13
7,3,0.54,1.02,34.59,-1.28,0.95,4.09,0.00,0.00,1.00,1.00,-1.34,2.58e-05,-0.04,-0.97,-2.549e-04,0.05,-0.90,8.4e-04,-0.40,0.27,1083.78,0.53,0.59,0.12,0.11,0.22,0.24,0.11,0.03
11,1,0.98,0.82,6.46,-0.80,0.86,2.67,1.00,0.00,0.00,1.00,-1.84,-3.634e-04,0.01,-1.07,-1.929e-04,-0.08,-1.12,-4.06e-04,-0.15,0.24,543.30,0.58,0.70,0.09,0.10,0.17,0.12,0.14,0.06
11,2,1.15,0.82,10.85,-1.00,0.93,2.45,1.00,0.00,0.00,1.00,-1.57,2.662e-04,-0.05,-1.52,-3.044e-04,0.04,-1.89,-8.52e-04,-0.09,0.50,510.49,0.64,0.68,0.12,0.11,0.15,0.16,0.08,0.03
11,3,1.09,0.87,12.90,-1.09,0.96,2.50,1.00,0.00,0.00,1.00,-1.53,4.838e-04,-0.10,-1.51,-1.0555e-03,0.09,-2.16,-1.592e-03,-0.13,0.27,637.21,0.65,0.72,0.11,0.11,0.16,0.14,0.06,0.01
12,1,0.96,0.84,8.42,-0.88,0.90,3.13,1.00,0.00,0.00,1.00,-1.59,3.825e-04,-0.07,-1.48,6.139e-04,-0.04,-1.08,-5.39e-04,-0.17,0.35,544.47,0.60,0.67,0.10,0.10,0.12,0.15,0.15,0.05
12,2,0.93,0.87,11.03,-0.96,0.92,2.56,1.00,0.00,0.00,1.00,-1.73,-1.953e-04,-0.02,-1.70,1.618e-04,0.05,-1.97,-1.473e-03,-0.04,1.34,460.50,0.66,0.68,0.11,0.09,0.13,0.18,0.08,0.03
12,3,0.95,0.89,14.92,-1.09,0.96,2.52,1.00,0.00,0.00,1.00,-1.66,-8.911e-04,-0.02,-2.00,1.276e-04,0.13,-2.73,-2.214e-03,-6.1e-03,0.44,594.07,0.70,0.68,0.12,0.06,0.11,0.23,0.04,0.01
13,1,1.01,0.85,5.84,-0.74,0.82,2.35,1.00,0.00,0.00,1.00,-1.48,8.329e-04,-0.11,-1.03,9.308e-04,-0.16,-0.72,8.72e-04,-0.24,0.24,275.40,0.56,0.67,0.10,0.10,0.15,0.11,0.18,0.10
13,2,1.20,0.81,13.91,-1.09,0.95,2.27,1.00,0.00,0.00,1.00,-1.75,5.38e-07,-0.01,-1.86,-1.284e-04,0.07,-1.45,-9.85e-04,-0.14,0.45,503.08,0.65,0.68,0.11,0.10,0.11,0.16,0.11,0.03
13,3,1.27,0.82,13.13,-1.12,0.97,2.19,1.00,0.00,0.00,1.00,-1.45,3.892e-04,-0.09,-2.25,-1.1334e-03,0.22,-1.90,-1.735e-03,-0.15,0.28,620.18,0.68,0.71,0.13,0.11,0.10,0.15,0.07,0.01
14,1,0.89,0.84,7.77,-1.00,0.96,2.41,1.00,0.00,0.00,1.00,-1.69,-4.413e-04,-0.01,-1.11,-7.713e-04,-0.05,-0.94,-1.812e-03,-0.07,0.24,247.27,0.54,0.66,0.09,0.09,0.16,0.13,0.18,0.10
14,2,1.20,0.81,13.91,-1.09,0.95,2.27,1.00,0.00,0.00,1.00,-1.75,5.38e-07,-0.01,-1.86,-1.284e-04,0.07,-1.45,-9.85e-04,-0.14,0.45,503.08,0.65,0.68,0.11,0.10,0.11,0.16,0.11,0.03
14,3,1.27,0.82,13.13,-1.12,0.97,2.19,1.00,0.00,0.00,1.00,-1.45,3.892e-04,-0.09,-2.25,-1.1334e-03,0.22,-1.90,-1.735e-03,-0.15,0.28,620.18,0.68,0.71,0.13,0.11,0.10,0.15,0.07,0.01
15,1,1.27,0.79,11.71,-1.05,0.95,2.32,1.00,0.00,0.00,1.00,-1.85,-1.829e-04,-0.01,-1.31,9.25e-04,-0.11,-1.22,-1.118e-03,-0.10,0.24,835.86,0.61,0.69,0.09,0.08,0.13,0.18,0.15,0.03
15,2,1.20,0.81,13.91,-1.09,0.95,2.27,1.00,0.00,0.00,1.00,-1.75,5.38e-07,-0.01,-1.86,-1.284e-04,0.07,-1.45,-9.85e-04,-0.14,0.45,503.08,0.65,0.68,0.11,0.10,0.11,0.16,0.11,0.03
15,3,1.27,0.82,13.13,-1.12,0.97,2.19,1.00,0.00,0.00,1.00,-1.45,3.892e-04,-0.09,-2.25,-1.1334e-03,0.22,-1.90,-1.735e-03,-0.15,0.28,620.18,0.68,0.71,0.13,0.11,0.10,0.15,0.07,0.01
16,1,1.16,0.82,10.28,-1.07,0.96,2.83,1.00,0.00,0.00,1.00,-1.35,3.799e-04,-0.17,-0.77,1.2207e-03,-0.28,0.01,1.03e-04,-0.44,0.18,789.03,0.50,0.74,0.09,0.08,0.14,0.13,0.24,0.04
16,2,0.80,0.89,10.08,-0.95,0.90,2.81,1.00,0.00,0.00,1.00,-1.43,5.594e-04,-0.09,-1.67,-1.2512e-03,0.02,-0.36,-1.363e-03,-0.36,0.22,436.34,0.56,0.74,0.11,0.12,0.10,0.09,0.21,0.03
16,3,1.01,0.85,8.43,-0.93,0.91,3.81,1.00,0.00,0.00,1.00,-1.48,3.42e-04,-0.04,-1.23,-7.836e-04,-0.06,-0.45,-1.044e-03,-0.45,0.29,571.15,0.56,0.74,0.11,0.15,0.14,0.09,0.16,0.01
17,1,0.96,0.84,8.42,-0.88,0.90,3.13,1.00,0.00,0.00,1.00,-1.59,3.825e-04,-0.07,-1.48,6.139e-04,-0.04,-1.08,-5.39e-04,-0.17,0.35,544.47,0.60,0.67,0.10,0.10,0.12,0.15,0.15,0.05
17,2,0.93,0.87,11.03,-0.96,0.92,2.56,1.00,0.00,0.00,1.00,-1.73,-1.953e-04,-0.02,-1.70,1.618e-04,0.05,-1.97,-1.473e-03,-0.04,1.34,460.50,0.66,0.68,0.11,0.09,0.13,0.18,0.08,0.03
17,3,0.95,0.89,14.92,-1.09,0.96,2.52,1.00,0.00,0.00,1.00,-1.66,-8.911e-04,-0.02,-2.00,1.276e-04,0.13,-2.73,-2.214e-03,-6.1e-03,0.44,594.07,0.70,0.68,0.12,0.06,0.11,0.23,0.04,0.01
18,1,1.16,0.82,10.28,-1.07,0.96,2.83,1.00,0.00,0.00,1.00,-1.35,3.799e-04,-0.17,-0.77,1.2207e-03,-0.28,0.01,1.03e-04,-0.44,0.18,789.03,0.50,0.74,0.09,0.08,0.14,0.13,0.24,0.04
18,2,0.80,0.89,10.08,-0.95,0.90,2.81,1.00,0.00,0.00,1.00,-1.43,5.594e-04,-0.09,-1.67,-1.2512e-03,0.02,-0.36,-1.363e-03,-0.36,0.22,436.34,0.56,0.74,0.11,0.12,0.10,0.09,0.21,0.03
18,3,1.01,0.85,8.43,-0.93,0.91,3.81,1.00,0.00,0.00,1.00,-1.48,3.42e-04,-0.04,-1.23,-7.836e-04,-0.06,-0.45,-1.044e-03,-0.45,0.29,571.15,0.56,0.74,0.11,0.15,0.14,0.09,0.16,0.01
19,1,1.16,0.82,10.28,-1.07,0.96,2.83,1.00,0.00,0.00,1.00,-1.35,3.799e-04,-0.17,-0.77,1.2207e-03,-0.28,0.01,1.03e-04,-0.44,0.18,789.03,0.50,0.74,0.09,0.08,0.14,0.13,0.24,0.04
19,2,0.80,0.89,10.08,-0.95,0.90,2.81,1.00,0.00,0.00,1.00,-1.43,5.594e-04,-0.09,-1.67,-1.2512e-03,0.02,-0.36,-1.363e-03,-0.36,0.22,436.34,0.56,0.74,0.11,0.12,0.10,0.09,0.21,0.03
19,3,1.01,0.85,8.43,-0.93,0.91,3.81,1.00,0.00,0.00,1.00,-1.48,3.42e-04,-0.04,-1.23,-7.836e-04,-0.06,-0.45,-1.044e-03,-0.45,0.29,571.15,0.56,0.74,0.11,0.15,0.14,0.09,0.16,0.01
21,1,0.84,0.86,9.28,-1.29,0.99,2.02,1.00,0.00,0.00,1.00,-1.85,-4.392e-04,-0.04,-1.06,-1.517e-04,-0.17,-0.55,-6.2e-05,-0.33,0.16,499.74,0.57,0.78,0.08,0.07,0.14,0.08,0.19,0.05
21,2,0.63,0.92,12.25,-1.64,1.01,1.85,1.00,0.00,0.00,1.00,-1.51,3.14e-04,-0.05,-0.99,2.441e-04,-0.16,-0.16,8.08e-04,-0.47,0.31,529.19,0.53,0.71,0.10,0.12,0.15,0.10,0.20,0.04
21,3,0.59,0.94,11.79,-1.40,0.99,2.10,1.00,0.00,0.00,1.00,-1.23,2.12e-04,-0.09,-1.15,-9.56e-05,-0.12,-0.29,9.57e-04,-0.59,0.36,703.92,0.56,0.74,0.14,0.13,0.14,0.09,0.15,0.02
22,1,0.84,0.86,9.28,-1.29,0.99,2.02,1.00,0.00,0.00,1.00,-1.85,-4.392e-04,-0.04,-1.06,-1.517e-04,-0.17,-0.55,-6.2e-05,-0.33,0.16,499.74,0.57,0.78,0.08,0.07,0.14,0.08,0.19,0.05
22,2,0.63,0.92,12.25,-1.64,1.01,1.85,1.00,0.00,0.00,1.00,-1.51,3.14e-04,-0.05,-0.99,2.441e-04,-0.16,-0.16,8.08e-04,-0.47,0.31,529.19,0.53,0.71,0.10,0.12,0.15,0.10,0.20,0.04
22,3,0.59,0.94,11.79,-1.40,0.99,2.10,1.00,0.00,0.00,1.00,-1.23,2.12e-04,-0.09,-1.15,-9.56e-05,-0.12,-0.29,9.57e-04,-0.59,0.36,703.92,0.56,0.74,0.14,0.13,0.14,0.09,0.15,0.02
23,1,0.57,0.93,3.21,-0.82,0.95,1.94,1.00,0.00,0.00,1.00,-0.90,3.196e-04,-0.21,-0.31,9.67e-05,-0.30,0.13,-7.52e-04,-0.41,0.14,490.40,0.43,0.76,0.12,0.09,0.19,0.09,0.25,0.04
23,2,0.52,0.95,11.99,-1.38,0.99,2.31,1.00,0.00,0.00,1.00,-0.73,8.737e-04,-0.21,-0.82,-5.981e-04,-0.13,-0.02,3.71e-04,-0.47,0.50,496.61,0.47,0.71,0.15,0.14,0.16,0.09,0.20,0.04
23,3,0.57,0.94,15.71,-1.56,0.99,2.04,1.00,0.00,0.00,1.00,-0.87,2.766e-04,-0.10,0.53,-7.332e-04,-0.43,-1.41,-0.01,0.29,0.24,522.75,0.38,0.75,0.13,0.18,0.32,0.05,0.15,1.0e-04
24,1,0.66,0.90,2.32,-1.16,0.99,2.16,1.00,0.00,0.00,1.00,-1.33,-1.316e-04,-0.10,0.41,-1.1519e-03,-0.29,1.18,-1.218e-03,-0.45,3.04,583.78,0.30,0.75,0.06,0.09,0.24,0.08,0.38,0.06
24,2,0.52,0.95,11.99,-1.38,0.99,2.31,1.00,0.00,0.00,1.00,-0.73,8.737e-04,-0.21,-0.82,-5.981e-04,-0.13,-0.02,3.71e-04,-0.47,0.50,496.61,0.47,0.71,0.15,0.14,0.16,0.09,0.20,0.04
24,3,0.57,0.94,15.71,-1.56,0.99,2.04,1.00,0.00,0.00,1.00,-0.87,2.766e-04,-0.10,0.53,-7.332e-04,-0.43,-1.41,-0.01,0.29,0.24,522.75,0.38,0.75,0.13,0.18,0.32,0.05,0.15,1.0e-04
25,1,0.84,0.86,9.28,-1.29,0.99,2.02,1.00,0.00,0.00,1.00,-1.85,-4.392e-04,-0.04,-1.06,-1.517e-04,-0.17,-0.55,-6.2e-05,-0.33,0.16,499.74,0.57,0.78,0.08,0.07,0.14,0.08,0.19,0.05
25,2,0.63,0.92,12.25,-1.64,1.01,1.85,1.00,0.00,0.00,1.00,-1.51,3.14e-04,-0.05,-0.99,2.441e-04,-0.16,-0.16,8.08e-04,-0.47,0.31,529.19,0.53,0.71,0.10,0.12,0.15,0.10,0.20,0.04
25,3,0.59,0.94,11.79,-1.40,0.99,2.10,1.00,0.00,0.00,1.00,-1.23,2.12e-04,-0.09,-1.15,-9.56e-05,-0.12,-0.29,9.57e-04,-0.59,0.36,703.92,0.56,0.74,0.14,0.13,0.14,0.09,0.15,0.02
26,1,1.31,0.81,9.28,-1.29,0.99,2.02,1.00,0.00,0.00,1.00,-2.30,-1.201e-04,0.02,-1.97,-4.089e-04,-0.03,-1.61,-9.21e-04,-0.11,11.73,479.00,0.72,0.79,0.07,0.08,0.09,0.07,0.10,0.04
26,2,0.65,0.91,12.25,-1.64,1.01,1.85,1.00,0.00,0.00,1.00,-1.35,6.226e-04,-0.11,-2.12,-9.877e-04,0.08,0.23,1.5e-03,-0.59,76.62,387.74,0.70,0.73,0.11,0.12,0.11,0.09,0.07,0.04
26,3,0.95,0.85,11.79,-1.40,0.99,2.10,1.00,0.00,0.00,1.00,-1.85,-5.552e-04,0.07,-2.06,-1.233e-03,0.09,-2.21,-1.741e-03,-0.01,33.08,393.20,0.67,0.71,0.13,0.14,0.11,0.10,0.06,0.03
27,1,1.31,0.81,9.28,-1.29,0.99,2.02,1.00,0.00,0.00,1.00,-2.30,-1.201e-04,0.02,-1.97,-4.089e-04,-0.03,-1.61,-9.21e-04,-0.11,11.73,479.00,0.72,0.79,0.07,0.08,0.09,0.07,0.10,0.04
27,2,0.65,0.91,12.25,-1.64,1.01,1.85,1.00,0.00,0.00,1.00,-1.35,6.226e-04,-0.11,-2.12,-9.877e-04,0.08,0.23,1.5e-03,-0.59,76.62,387.74,0.70,0.73,0.11,0.12,0.11,0.09,0.07,0.04
27,3,0.95,0.85,11.79,-1.40,0.99,2.10,1.00,0.00,0.00,1.00,-1.85,-5.552e-04,0.07,-2.06,-1.233e-03,0.09,-2.21,-1.741e-03,-0.01,33.08,393.20,0.67,0.71,0.13,0.14,0.11,0.10,0.06,0.03
28,1,0.61,0.92,3.21,-0.82,0.95,1.94,1.00,0.00,0.00,1.00,-1.49,2.165e-04,-0.09,-1.20,2.463e-04,-0.13,0.14,6.9e-04,-0.45,0.10,1635.78,0.50,0.69,0.09,0.10,0.12,0.11,0.28,0.08
28,2,0.40,0.99,11.99,-1.38,0.99,2.31,1.00,0.00,0.00,1.00,-1.10,1.446e-04,-0.10,-0.14,3.334e-04,-0.32,-0.08,7.37e-04,-0.48,0.25,1725.57,0.45,0.70,0.12,0.13,0.23,0.09,0.18,0.06
28,3,0.47,0.97,15.71,-1.56,0.99,2.04,1.00,0.00,0.00,1.00,-0.74,1.428e-04,-0.11,-1.05,5.541e-04,-0.24,-0.37,1.145e-03,-0.65,0.27,1739.77,0.53,0.69,0.21,0.17,0.12,0.10,0.12,0.02
29,1,0.61,0.92,2.32,-1.16,0.99,2.16,1.00,0.00,0.00,1.00,-1.49,2.165e-04,-0.09,-1.20,2.463e-04,-0.13,0.14,6.9e-04,-0.45,0.10,1635.78,0.50,0.69,0.09,0.10,0.12,0.11,0.28,0.08
29,2,0.40,0.99,11.99,-1.38,0.99,2.31,1.00,0.00,0.00,1.00,-1.10,1.446e-04,-0.10,-0.14,3.334e-04,-0.32,-0.08,7.37e-04,-0.48,0.25,1725.57,0.45,0.70,0.12,0.13,0.23,0.09,0.18,0.06
29,3,0.47,0.97,15.71,-1.56,0.99,2.04,1.00,0.00,0.00,1.00,-0.74,1.428e-04,-0.11,-1.05,5.541e-04,-0.24,-0.37,1.145e-03,-0.65,0.27,1739.77,0.53,0.69,0.21,0.17,0.12,0.10,0.12,0.02
30,1,0.61,0.92,2.32,-1.16,0.99,2.16,1.00,0.00,0.00,1.00,-1.49,2.165e-04,-0.09,-1.20,2.463e-04,-0.13,0.14,6.9e-04,-0.45,0.10,1635.78,0.50,0.69,0.09,0.10,0.12,0.11,0.28,0.08
30,2,0.40,0.99,11.99,-1.38,0.99,2.31,1.00,0.00,0.00,1.00,-1.10,1.446e-04,-0.10,-0.14,3.334e-04,-0.32,-0.08,7.37e-04,-0.48,0.25,1725.57,0.45,0.70,0.12,0.13,0.23,0.09,0.18,0.06
30,3,0.47,0.97,15.71,-1.56,0.99,2.04,1.00,0.00,0.00,1.00,-0.74,1.428e-04,-0.11,-1.05,5.541e-04,-0.24,-0.37,1.145e-03,-0.65,0.27,1739.77,0.53,0.69,0.21,0.17,0.12,0.10,0.12,0.02
31,1,1.13,0.81,2.35,-0.28,0.45,2.36,0.00,0.00,1.00,1.00,-1.91,-2.66e-04,-1.74e-03,-2.73,-2.5689e-03,0.14,-1.72,6.3e-05,-0.11,0.21,509.04,0.72,0.79,0.10,0.10,0.05,0.03,0.10,0.06
31,2,0.90,0.86,100.00,-1.44,0.93,1.38,0.00,0.00,1.00,1.00,-5.33,-3.0037e-03,0.77,-1.18,-2.1472e-03,-0.13,-1.66,1.163e-03,-0.25,82.95,450.43,0.75,0.79,0.09,0.11,0.10,0.03,0.05,0.05
31,3,0.57,0.93,20.51,-0.93,0.77,2.66,0.00,0.00,1.00,1.00,-1.51,-1.543e-04,-4.31e-03,-7.61,-3.3172e-03,1.14,-4.44,-3.085e-03,0.33,28.24,451.74,0.78,0.74,0.16,0.14,0.01,0.09,0.02,0.01
32,1,0.61,0.94,15.28,-0.72,0.65,5.67,0.00,0.00,1.00,1.00,-1.53,3.56e-05,-0.12,-1.56,-5.977e-04,-0.06,-1.32,-1.265e-03,-0.15,0.52,658.35,0.63,0.80,0.11,0.08,0.12,0.07,0.13,0.03
32,2,0.50,0.96,5.83,-0.61,0.75,3.28,0.00,0.00,1.00,1.00,-1.30,2.92e-05,-0.08,-1.52,-8.701e-04,-0.01,-1.16,-3.06e-04,-0.27,0.91,802.90,0.61,0.77,0.14,0.12,0.12,0.07,0.11,0.02
32,3,0.45,0.99,9.16,-0.66,0.67,4.47,0.00,0.00,1.00,1.00,-1.15,-2.116e-04,-0.03,-2.89,-8.582e-04,0.20,-2.47,-1.22e-04,-0.22,0.66,625.99,0.69,0.73,0.20,0.15,0.05,0.09,0.04,0.01
33,1,0.61,0.94,15.28,-0.72,0.65,5.67,0.00,0.00,1.00,1.00,-1.53,3.56e-05,-0.12,-1.56,-5.977e-04,-0.06,-1.32,-1.265e-03,-0.15,0.52,658.35,0.63,0.80,0.11,0.08,0.12,0.07,0.13,0.03
33,2,0.50,0.96,5.83,-0.61,0.75,3.28,0.00,0.00,1.00,1.00,-1.30,2.92e-05,-0.08,-1.52,-8.701e-04,-0.01,-1.16,-3.06e-04,-0.27,0.91,802.90,0.61,0.77,0.14,0.12,0.12,0.07,0.11,0.02
33,3,0.45,0.99,9.16,-0.66,0.67,4.47,0.00,0.00,1.00,1.00,-1.15,-2.116e-04,-0.03,-2.89,-8.582e-04,0.20,-2.47,-1.22e-04,-0.22,0.66,625.99,0.69,0.73,0.20,0.15,0.05,0.09,0.04,0.01
34,1,0.61,0.94,15.28,-0.72,0.65,5.67,0.00,0.00,1.00,1.00,-1.53,3.56e-05,-0.12,-1.56,-5.977e-04,-0.06,-1.32,-1.265e-03,-0.15,0.52,658.35,0.63,0.80,0.11,0.08,0.12,0.07,0.13,0.03
34,2,0.50,0.96,5.83,-0.61,0.75,3.28,0.00,0.00,1.00,1.00,-1.30,2.92e-05,-0.08,-1.52,-8.701e-04,-0.01,-1.16,-3.06e-04,-0.27,0.91,802.90,0.61,0.77,0.14,0.12,0.12,0.07,0.11,0.02
34,3,0.45,0.99,9.16,-0.66,0.67,4.47,0.00,0.00,1.00,1.00,-1.15,-2.116e-04,-0.03,-2.89,-8.582e-04,0.20,-2.47,-1.22e-04,-0.22,0.66,625.99,0.69,0.73,0.20,0.15,0.05,0.09,0.04,0.01
35,1,0.61,0.94,15.28,-0.72,0.65,5.67,0.00,0.00,1.00,1.00,-1.53,3.56e-05,-0.12,-1.56,-5.977e-04,-0.06,-1.32,-1.265e-03,-0.15,0.52,658.35,0.63,0.80,0.11,0.08,0.12,0.07,0.13,0.03
35,2,0.50,0.96,5.83,-0.61,0.75,3.28,0.00,0.00,1.00,1.00,-1.30,2.92e-05,-0.08,-1.52,-8.701e-04,-0.01,-1.16,-3.06e-04,-0.27,0.91,802.90,0.61,0.77,0.14,0.12,0.12,0.07,0.11,0.02
35,3,0.45,0.99,9.16,-0.66,0.67,4.47,0.00,0.00,1.00,1.00,-1.15,-2.116e-04,-0.03,-2.89,-8.582e-04,0.20,-2.47,-1.22e-04,-0.22,0.66,625.99,0.69,0.73,0.20,0.15,0.05,0.09,0.04,0.01
36,1,0.77,0.89,14.86,-0.65,0.46,5.42,0.00,0.00,1.00,1.00,-1.72,7.567e-04,-0.09,-3.39,2.3399e-03,0.16,-2.33,1.778e-03,-0.05,4.31,589.00,0.78,0.58,0.11,0.08,0.03,0.21,0.06,0.11
36,2,0.50,0.96,5.83,-0.61,0.75,3.28,0.00,0.00,1.00,1.00,-1.30,2.92e-05,-0.08,-1.52,-8.701e-04,-0.01,-1.16,-3.06e-04,-0.27,0.91,802.90,0.61,0.77,0.14,0.12,0.12,0.07,0.11,0.02
36,3,0.22,1.10,31.61,-0.92,0.50,4.86,0.00,0.00,1.00,1.00,-1.83,-7.772e-04,0.09,-3.67,-3.197e-03,0.52,-3.34,-3.426e-03,0.18,20.35,362.80,0.71,0.70,0.15,0.14,0.09,0.12,0.04,0.02
37,1,0.61,0.94,15.28,-0.72,0.65,5.67,0.00,0.00,1.00,1.00,-1.53,3.56e-05,-0.12,-1.56,-5.977e-04,-0.06,-1.32,-1.265e-03,-0.15,0.52,658.35,0.63,0.80,0.11,0.08,0.12,0.07,0.13,0.03
37,2,0.50,0.96,5.83,-0.61,0.75,3.28,0.00,0.00,1.00,1.00,-1.30,2.92e-05,-0.08,-1.52,-8.701e-04,-0.01,-1.16,-3.06e-04,-0.27,0.91,802.90,0.61,0.77,0.14,0.12,0.12,0.07,0.11,0.02
37,3,0.45,0.99,9.16,-0.66,0.67,4.47,0.00,0.00,1.00,1.00,-1.15,-2.116e-04,-0.03,-2.89,-8.582e-04,0.20,-2.47,-1.22e-04,-0.22,0.66,625.99,0.69,0.73,0.20,0.15,0.05,0.09,0.04,0.01
38,1,1.12,0.83,100.00,-1.38,1.06,9.05,0.00,0.00,1.00,1.00,-1.53,-1.075e-04,-0.07,-2.46,-9.811e-04,0.05,-1.62,-5.8e-05,-0.12,0.83,1509.40,0.69,0.82,0.13,0.08,0.06,0.02,0.10,0.06
38,2,1.12,0.84,33.08,-1.00,0.82,5.75,0.00,0.00,1.00,1.00,-1.50,-1.93e-05,-0.04,-0.71,3.19e-04,-0.31,-1.77,-1.32e-04,-0.15,0.60,2113.04,0.61,0.78,0.12,0.11,0.17,0.06,0.08,0.03
38,3,1.52,0.80,24.74,-0.79,0.61,5.97,0.00,0.00,1.00,1.00,-1.61,-1.178e-04,0.01,-1.79,-2.259e-04,-0.07,-2.03,-5.22e-04,-0.21,0.48,2000.14,0.69,0.80,0.14,0.13,0.10,0.04,0.06,7.13e-03
39,1,0.88,0.88,19.26,-0.75,0.62,4.99,0.00,0.00,1.00,1.00,-1.65,1.072e-04,-0.09,-0.53,-7.97e-05,-0.23,-0.31,-1.4e-04,-0.34,1.55,1542.23,0.52,0.79,0.08,0.09,0.19,0.07,0.19,0.03
39,2,0.77,0.90,19.86,-0.88,0.79,4.11,0.00,0.00,1.00,1.00,-1.28,-3.81e-05,-0.07,-1.72,-5.553e-04,0.01,-1.36,-1.76e-04,-0.23,2.31,1244.38,0.63,0.77,0.15,0.11,0.11,0.07,0.10,0.02
39,3,0.93,0.88,100.00,-1.44,0.97,5.66,0.00,0.00,1.00,1.00,-1.12,-9.5e-05,-0.04,-1.88,-6.211e-04,0.01,-2.43,-8.12e-04,-0.15,0.19,1374.28,0.65,0.77,0.19,0.16,0.10,0.05,0.04,7.11e-03
40,1,0.58,0.95,39.38,-1.24,1.13,5.99,0.00,0.00,1.00,1.00,-1.57,-2.332e-04,-0.05,-1.10,-8.366e-04,-0.05,-0.91,-7.3e-04,-0.17,0.20,1366.02,0.55,0.82,0.10,0.08,0.16,0.05,0.16,0.03
40,2,0.72,0.92,100.00,-1.26,1.01,10.23,1.00,0.00,0.00,1.00,-1.39,-1.502e-04,-0.07,-1.44,-5.951e-04,-0.05,-1.52,-4.67e-04,-0.17,0.66,1322.10,0.62,0.81,0.13,0.09,0.13,0.06,0.09,0.02
40,3,1.16,0.85,15.15,-0.61,0.40,2.82,0.00,0.00,1.00,1.00,-1.53,-3.84e-04,-8.77e-03,-2.11,-4.935e-04,0.05,-2.65,-6.9e-04,-0.09,0.53,898.22,0.71,0.78,0.15,0.11,0.09,0.08,0.04,0.01
41,1,0.56,0.94,12.55,-0.74,0.89,5.19,0.00,0.00,1.00,1.00,-1.35,4.18e-05,-0.08,0.15,-2.49e-05,-0.26,0.38,-5.4e-05,-0.38,0.41,5467.20,0.36,0.76,0.08,0.12,0.27,0.08,0.27,0.02
41,2,0.59,0.95,12.00,-0.97,0.99,3.84,1.00,0.00,0.00,1.00,-1.51,-1.203e-04,-0.04,-0.21,3.84e-05,-0.21,-0.27,-2.18e-04,-0.34,0.92,3528.99,0.46,0.77,0.09,0.07,0.25,0.12,0.18,0.01
41,3,0.51,0.98,24.93,-1.16,0.98,4.51,0.00,0.00,1.00,1.00,-1.25,-2.133e-04,-0.07,-1.23,-1.538e-04,-0.04,-1.71,-5.36e-04,-0.21,0.92,2370.61,0.60,0.80,0.15,0.07,0.16,0.11,0.07,7.7e-03
42,1,0.86,0.88,5.20,-0.56,0.81,3.13,0.00,0.00,1.00,1.00,-1.39,1.404e-04,-0.11,-0.49,8.16e-05,-0.20,-0.63,-1.38e-04,-0.25,0.16,5154.35,0.50,0.71,0.10,0.14,0.21,0.11,0.17,0.02
42,2,0.75,0.92,7.14,-0.69,0.88,3.24,0.00,0.00,1.00,1.00,-1.52,-1.463e-04,-0.04,-0.41,3.364e-04,-0.25,-0.74,-1.39e-04,-0.30,0.78,2399.78,0.52,0.74,0.10,0.08,0.22,0.14,0.14,0.02
42,3,0.77,0.92,26.23,-0.94,0.79,6.01,0.00,0.00,1.00,1.00,-1.51,-3.674e-04,-1.25e-03,-0.96,4.327e-04,-0.18,-1.57,-3.76e-04,-0.26,0.78,2369.50,0.61,0.74,0.13,0.06,0.16,0.17,0.08,8.05e-03
44,1,0.54,0.96,27.31,-1.11,0.95,5.64,1.00,0.00,0.00,1.00,-1.92,-6.819e-04,0.01,-2.19,-2.7955e-03,0.17,-2.03,-2.547e-03,0.05,1.48,376.10,0.69,0.76,0.10,0.09,0.10,0.08,0.09,0.05
44,2,0.54,0.97,18.93,-1.22,1.10,9.33,1.00,0.00,0.00,1.00,-1.63,-3.2499e-03,0.07,-2.74,-9.9977e-03,0.51,-2.10,-7.859e-03,0.11,1.81,216.80,0.64,0.76,0.14,0.10,0.11,0.09,0.09,0.03
44,3,0.60,0.96,42.58,-1.08,0.69,4.86,1.00,0.00,0.00,1.00,-2.20,-3.9694e-03,0.21,-2.98,-6.5755e-03,0.41,-3.02,-5.818e-03,0.10,14.10,203.62,0.70,0.76,0.14,0.12,0.11,0.09,0.04,0.01
45,1,0.54,0.96,27.31,-1.11,0.95,5.64,1.00,0.00,0.00,1.00,-1.92,-6.819e-04,0.01,-2.19,-2.7955e-03,0.17,-2.03,-2.547e-03,0.05,1.48,376.10,0.69,0.76,0.10,0.09,0.10,0.08,0.09,0.05
45,2,0.54,0.97,18.93,-1.22,1.10,9.33,1.00,0.00,0.00,1.00,-1.63,-3.2499e-03,0.07,-2.74,-9.9977e-03,0.51,-2.10,-7.859e-03,0.11,1.81,216.80,0.64,0.76,0.14,0.10,0.11,0.09,0.09,0.03
45,3,0.60,0.96,42.58,-1.08,0.69,4.86,1.00,0.00,0.00,1.00,-2.20,-3.9694e-03,0.21,-2.98,-6.5755e-03,0.41,-3.02,-5.818e-03,0.10,14.10,203.62,0.70,0.76,0.14,0.12,0.11,0.09,0.04,0.01
46,1,0.54,0.96,27.31,-1.11,0.95,5.64,1.00,0.00,0.00,1.00,-1.92,-6.819e-04,0.01,-2.19,-2.7955e-03,0.17,-2.03,-2.547e-03,0.05,1.48,376.10,0.69,0.76,0.10,0.09,0.10,0.08,0.09,0.05
46,2,0.54,0.97,18.93,-1.22,1.10,9.33,1.00,0.00,0.00,1.00,-1.63,-3.2499e-03,0.07,-2.74,-9.9977e-03,0.51,-2.10,-7.859e-03,0.11,1.81,216.80,0.64,0.76,0.14,0.10,0.11,0.09,0.09,0.03
46,3,0.60,0.96,42.58,-1.08,0.69,4.86,1.00,0.00,0.00,1.00,-2.20,-3.9694e-03,0.21,-2.98,-6.5755e-03,0.41,-3.02,-5.818e-03,0.10,14.10,203.62,0.70,0.76,0.14,0.12,0.11,0.09,0.04,0.01
47,1,0.54,0.96,27.31,-1.11,0.95,5.64,1.00,0.00,0.00,1.00,-1.92,-6.819e-04,0.01,-2.19,-2.7955e-03,0.17,-2.03,-2.547e-03,0.05,1.48,376.10,0.69,0.76,0.10,0.09,0.10,0.08,0.09,0.05
47,2,0.54,0.97,18.93,-1.22,1.10,9.33,1.00,0.00,0.00,1.00,-1.63,-3.2499e-03,0.07,-2.74,-9.9977e-03,0.51,-2.10,-7.859e-03,0.11,1.81,216.80,0.64,0.76,0.14,0.10,0.11,0.09,0.09,0.03
47,3,0.60,0.96,42.58,-1.08,0.69,4.86,1.00,0.00,0.00,1.00,-2.20,-3.9694e-03,0.21,-2.98,-6.5755e-03,0.41,-3.02,-5.818e-03,0.10,14.10,203.62,0.70,0.76,0.14,0.12,0.11,0.09,0.04,0.01
50,1,1.13,0.81,2.35,-0.28,0.45,2.36,0.00,0.00,1.00,1.00,-1.91,-2.66e-04,-1.74e-03,-2.73,-2.5689e-03,0.14,-1.72,6.3e-05,-0.11,0.21,509.04,0.72,0.79,0.10,0.10,0.05,0.03,0.10,0.06
50,2,0.90,0.86,100.00,-1.44,0.93,1.38,0.00,0.00,1.00,1.00,-5.33,-3.0037e-03,0.77,-1.18,-2.1472e-03,-0.13,-1.66,1.163e-03,-0.25,82.95,450.43,0.75,0.79,0.09,0.11,0.10,0.03,0.05,0.05
50,3,0.57,0.93,20.51,-0.93,0.77,2.66,0.00,0.00,1.00,1.00,-1.51,-1.543e-04,-4.31e-03,-7.61,-3.3172e-03,1.14,-4.44,-3.085e-03,0.33,28.24,451.74,0.78,0.74,0.16,0.14,0.01,0.09,0.02,0.01
51,1,0.61,0.94,15.28,-0.72,0.65,5.67,0.00,0.00,1.00,1.00,-1.53,3.56e-05,-0.12,-1.56,-5.977e-04,-0.06,-1.32,-1.265e-03,-0.15,0.52,658.35,0.63,0.80,0.11,0.08,0.12,0.07,0.13,0.03
51,2,0.50,0.96,5.83,-0.61,0.75,3.28,0.00,0.00,1.00,1.00,-1.30,2.92e-05,-0.08,-1.52,-8.701e-04,-0.01,-1.16,-3.06e-04,-0.27,0.91,802.90,0.61,0.77,0.14,0.12,0.12,0.07,0.11,0.02
51,3,0.45,0.99,9.16,-0.66,0.67,4.47,0.00,0.00,1.00,1.00,-1.15,-2.116e-04,-0.03,-2.89,-8.582e-04,0.20,-2.47,-1.22e-04,-0.22,0.66,625.99,0.69,0.73,0.20,0.15,0.05,0.09,0.04,0.01
52,1,0.61,0.94,15.28,-0.72,0.65,5.67,0.00,0.00,1.00,1.00,-1.53,3.56e-05,-0.12,-1.56,-5.977e-04,-0.06,-1.32,-1.265e-03,-0.15,0.52,658.35,0.63,0.80,0.11,0.08,0.12,0.07,0.13,0.03
52,2,0.50,0.96,5.83,-0.61,0.75,3.28,0.00,0.00,1.00,1.00,-1.30,2.92e-05,-0.08,-1.52,-8.701e-04,-0.01,-1.16,-3.06e-04,-0.27,0.91,802.90,0.61,0.77,0.14,0.12,0.12,0.07,0.11,0.02
52,3,0.45,0.99,9.16,-0.66,0.67,4.47,0.00,0.00,1.00,1.00,-1.15,-2.116e-04,-0.03,-2.89,-8.582e-04,0.20,-2.47,-1.22e-04,-0.22,0.66,625.99,0.69,0.73,0.20,0.15,0.05,0.09,0.04,0.01
53,1,1.13,0.81,2.35,-0.28,0.45,2.36,1.00,0.00,0.00,1.00,-1.91,-2.66e-04,-1.74e-03,-2.73,-2.5689e-03,0.14,-1.72,6.3e-05,-0.11,0.21,509.04,0.72,0.79,0.10,0.10,0.05,0.03,0.10,0.06
53,2,0.90,0.86,100.00,-1.44,0.93,1.38,1.00,0.00,0.00,1.00,-5.33,-3.0037e-03,0.77,-1.18,-2.1472e-03,-0.13,-1.66,1.163e-03,-0.25,82.95,450.43,0.75,0.79,0.09,0.11,0.10,0.03,0.05,0.05
53,3,0.57,0.93,20.51,-0.93,0.77,2.66,1.00,0.00,0.00,1.00,-1.51,-1.543e-04,-4.31e-03,-7.61,-3.3172e-03,1.14,-4.44,-3.085e-03,0.33,28.24,451.74,0.78,0.74,0.16,0.14,0.01,0.09,0.02,0.01
54,1,0.54,0.96,27.31,-1.11,0.95,5.64,1.00,0.00,0.00,1.00,-1.92,-6.819e-04,0.01,-2.19,-2.7955e-03,0.17,-2.03,-2.547e-03,0.05,1.48,376.10,0.69,0.76,0.10,0.09,0.10,0.08,0.09,0.05
54,2,0.54,0.97,18.93,-1.22,1.10,9.33,1.00,0.00,0.00,1.00,-1.63,-3.2499e-03,0.07,-2.74,-9.9977e-03,0.51,-2.10,-7.859e-03,0.11,1.81,216.80,0.64,0.76,0.14,0.10,0.11,0.09,0.09,0.03
54,3,0.60,0.96,42.58,-1.08,0.69,4.86,1.00,0.00,0.00,1.00,-2.20,-3.9694e-03,0.21,-2.98,-6.5755e-03,0.41,-3.02,-5.818e-03,0.10,14.10,203.62,0.70,0.76,0.14,0.12,0.11,0.09,0.04,0.01
58,1,0.89,0.84,7.77,-1.00,0.96,2.41,1.00,0.00,0.00,1.00,-1.69,-4.413e-04,-0.01,-1.11,-7.713e-04,-0.05,-0.94,-1.812e-03,-0.07,0.24,247.27,0.54,0.66,0.09,0.09,0.16,0.13,0.18,0.10
58,2,0.63,0.92,12.25,-1.64,1.01,1.85,1.00,0.00,0.00,1.00,-1.51,3.14e-04,-0.05,-0.99,2.441e-04,-0.16,-0.16,8.08e-04,-0.47,0.31,529.19,0.53,0.71,0.10,0.12,0.15,0.10,0.20,0.04
58,3,0.59,0.94,11.79,-1.40,0.99,2.10,1.00,0.00,0.00,1.00,-1.23,2.12e-04,-0.09,-1.15,-9.56e-05,-0.12,-0.29,9.57e-04,-0.59,0.36,703.92,0.56,0.74,0.14,0.13,0.14,0.09,0.15,0.02
59,1,0.89,0.84,7.77,-1.00,0.96,2.41,1.00,0.00,0.00,1.00,-1.69,-4.413e-04,-0.01,-1.11,-7.713e-04,-0.05,-0.94,-1.812e-03,-0.07,0.24,247.27,0.54,0.66,0.09,0.09,0.16,0.13,0.18,0.10
59,2,0.63,0.92,12.25,-1.64,1.01,1.85,1.00,0.00,0.00,1.00,-1.51,3.14e-04,-0.05,-0.99,2.441e-04,-0.16,-0.16,8.08e-04,-0.47,0.31,529.19,0.53,0.71,0.10,0.12,0.15,0.10,0.20,0.04
59,3,0.59,0.94,11.79,-1.40,0.99,2.10,1.00,0.00,0.00,1.00,-1.23,2.12e-04,-0.09,-1.15,-9.56e-05,-0.12,-0.29,9.57e-04,-0.59,0.36,703.92,0.56,0.74,0.14,0.13,0.14,0.09,0.15,0.02
