"DefaultSPUID","DefaultGenusID","A","B","a_nonmerch","b_nonmerch","k_nonmerch","cap_nonmerch","a_sap","b_sap","k_sap","cap_sap","a1","a2","a3","b1","b2","b3","c1","c2","c3","min_volume","max_volume","low_stemwood_prop","high_stemwood_prop","low_stembark_prop","high_stembark_prop","low_branches_prop","high_branches_prop","low_foliage_prop","high_foliage_prop"
1,1,0.82,0.88,10.09,-0.79,0.82,5.22,0.35,-1.21,0.99,1.01,-1.51,-1.632e-04,-0.06,-0.45,-1.502e-04,-0.16,0.73,-7.7e-04,-0.36,0.17,347.42,0.35,0.64,0.06,0.09,0.17,0.14,0.40,0.12
1,3,0.76,0.88,10.52,-0.73,0.74,5.35,1.67,-1.44,0.99,1.02,-1.76,1.923e-04,8.3e-03,-0.75,1.945e-04,-0.11,0.91,-2.26e-04,-0.41,0.31,332.58,0.35,0.60,0.06,0.11,0.13,0.15,0.44,0.12
1,8,0.84,0.87,10.48,-0.76,0.78,5.35,0.00,0.00,1.00,1.00,-1.59,4.206e-04,-0.04,-0.57,1.466e-04,-0.15,0.82,-4.96e-04,-0.38,0.17,347.42,0.35,0.61,0.06,0.11,0.15,0.14,0.42,0.12
1,10,1.06,0.87,5.85,-0.35,0.00,4.15,0.28,-0.97,0.99,1.02,-1.64,7.04e-05,-0.01,-0.74,3.1867e-03,-0.16,-0.87,6.16e-04,-0.19,0.74,123.13,0.54,0.59,0.10,0.10,0.19,0.18,0.16,0.10
1,13,1.37,0.82,2.47,-0.10,0.00,2.40,0.00,0.00,1.00,1.00,-1.60,1.927e-04,-0.02,-0.66,2.5143e-03,-0.14,0.38,1.084e-03,-0.41,0.53,260.64,0.43,0.54,0.08,0.10,0.17,0.24,0.30,0.10
3,1,0.74,0.91,10.09,-0.79,0.82,5.22,0.35,-1.21,0.99,1.01,-1.32,-4.63e-05,-0.09,-0.60,-9.856e-04,-0.10,0.42,-1.504e-03,-0.31,0.19,243.75,0.38,0.63,0.08,0.09,0.17,0.15,0.34,0.11
3,3,0.81,0.87,7.89,-0.48,0.00,6.39,1.67,-1.44,0.99,1.02,-1.48,2.364e-04,-0.05,-0.73,1.152e-03,-0.12,0.68,-1.583e-03,-0.36,0.64,268.06,0.37,0.59,0.07,0.10,0.14,0.19,0.39,0.09
3,8,0.75,0.90,7.22,-0.46,0.00,6.12,0.00,0.00,1.00,1.00,-1.36,7.03e-05,-0.08,-0.60,-2.703e-04,-0.11,0.56,-1.445e-03,-0.34,0.59,268.06,0.37,0.62,0.08,0.10,0.16,0.16,0.36,0.10
3,10,1.06,0.87,5.85,-0.35,0.00,4.15,0.28,-0.97,0.99,1.02,-1.64,7.04e-05,-0.01,-0.74,3.1867e-03,-0.16,-0.87,6.16e-04,-0.19,0.74,123.13,0.54,0.59,0.10,0.10,0.19,0.18,0.16,0.10
3,13,1.37,0.82,2.47,-0.10,0.00,2.40,0.00,0.00,1.00,1.00,-1.60,1.927e-04,-0.02,-0.66,2.5143e-03,-0.14,0.38,1.084e-03,-0.41,0.53,260.64,0.43,0.54,0.08,0.10,0.17,0.24,0.30,0.10
4,1,0.82,0.88,10.09,-0.79,0.82,5.22,0.35,-1.21,0.99,1.01,-1.51,-1.632e-04,-0.06,-0.45,-1.502e-04,-0.16,0.73,-7.7e-04,-0.36,0.17,347.42,0.35,0.64,0.06,0.09,0.17,0.14,0.40,0.12
4,3,0.76,0.88,10.52,-0.73,0.74,5.35,1.67,-1.44,0.99,1.02,-1.76,1.923e-04,8.3e-03,-0.75,1.945e-04,-0.11,0.91,-2.26e-04,-0.41,0.31,332.58,0.35,0.60,0.06,0.11,0.13,0.15,0.44,0.12
4,8,0.84,0.87,10.48,-0.76,0.78,5.35,0.00,0.00,1.00,1.00,-1.59,4.206e-04,-0.04,-0.57,1.466e-04,-0.15,0.82,-4.96e-04,-0.38,0.17,347.42,0.35,0.61,0.06,0.11,0.15,0.14,0.42,0.12
4,10,1.06,0.87,5.85,-0.35,0.00,4.15,0.28,-0.97,0.99,1.02,-1.64,7.04e-05,-0.01,-0.74,3.1867e-03,-0.16,-0.87,6.16e-04,-0.19,0.74,123.13,0.54,0.59,0.10,0.10,0.19,0.18,0.16,0.10
4,13,1.37,0.82,2.47,-0.10,0.00,2.40,0.00,0.00,1.00,1.00,-1.60,1.927e-04,-0.02,-0.66,2.5143e-03,-0.14,0.38,1.084e-03,-0.41,0.53,260.64,0.43,0.54,0.08,0.10,0.17,0.24,0.30,0.10
5,1,0.46,0.98,6.33,-0.96,0.94,2.68,0.00,0.00,1.00,1.00,-1.58,-4.361e-04,-0.04,0.56,1.3618e-03,-0.41,0.03,3.77e-04,-0.41,0.21,694.41,0.38,0.66,0.07,0.07,0.34,0.19,0.20,0.05
5,2,0.59,0.91,6.87,-1.14,0.98,3.76,0.00,0.00,1.00,1.00,-1.50,-1.556e-04,-0.05,0.47,9.157e-04,-0.32,-0.08,6.71e-04,-0.39,0.20,827.38,0.38,0.61,0.07,0.08,0.35,0.23,0.18,0.06
5,3,0.39,1.02,18.87,-0.99,0.87,5.15,0.00,0.00,1.00,1.00,-1.02,1.076e-04,-0.13,0.69,1.3488e-03,-0.39,0.04,-1.22e-04,-0.38,0.13,508.22,0.34,0.62,0.10,0.10,0.36,0.21,0.19,0.05
5,4,0.62,0.94,100.00,-2.23,1.00,1.01,0.00,0.00,1.00,1.00,-1.03,1.827e-04,-0.15,-0.52,2.52e-04,-0.14,-0.97,2.31e-04,-0.22,2.63,1061.85,0.51,0.65,0.13,0.09,0.22,0.18,0.12,0.06
5,6,0.45,0.99,14.74,-1.07,0.91,3.80,0.00,0.00,1.00,1.00,-2.03,-1.144e-03,0.03,-0.68,-3.2702e-03,-6.49e-03,-1.24,-1.392e-03,-0.18,0.67,350.27,0.54,0.75,0.07,0.08,0.27,0.11,0.11,0.04
5,7,0.48,0.94,4.69,-0.35,0.00,1.90,0.00,0.00,1.00,1.00,0.03,1.9831e-03,-0.40,2.62,3.5381e-03,-0.86,2.02,-1.372e-03,-0.64,37.44,263.22,0.40,0.62,0.09,0.11,0.24,0.16,0.25,0.09
5,8,0.51,0.95,5.43,-0.87,0.93,2.75,0.00,0.00,1.00,1.00,-1.37,-2.833e-04,-0.07,0.66,1.1636e-03,-0.41,0.02,1.77e-04,-0.38,0.13,1061.85,0.36,0.63,0.08,0.07,0.35,0.23,0.19,0.05
5,9,0.46,1.00,10.55,-0.68,0.64,4.54,0.00,0.00,1.00,1.00,-1.10,-3.36e-04,-0.07,-1.24,-3.8e-05,-0.01,-2.11,-3.33e-04,-0.12,0.32,532.21,0.59,0.68,0.17,0.11,0.16,0.17,0.05,0.03
5,10,0.47,1.04,28.07,-1.08,0.87,3.66,0.00,0.00,1.00,1.00,-1.33,4.005e-04,-0.10,0.24,1.2314e-03,-0.23,-1.68,-6.06e-04,-0.17,0.13,574.22,0.44,0.55,0.10,0.09,0.38,0.32,0.06,0.02
5,11,0.57,1.00,62.78,-1.53,0.98,3.82,0.00,0.00,1.00,1.00,-0.90,5.002e-04,-0.20,-0.44,2.716e-04,-0.13,-1.74,-3.39e-04,-0.18,0.18,566.04,0.51,0.66,0.14,0.09,0.26,0.20,0.06,0.02
5,12,0.45,1.06,20.51,-0.94,0.79,5.71,0.00,0.00,1.00,1.00,-1.07,-4.306e-04,-0.17,-1.02,-7.47e-05,0.01,-1.98,-1.335e-03,-0.10,0.29,652.11,0.57,0.67,0.14,0.05,0.21,0.25,0.06,0.01
5,13,0.62,1.00,34.99,-1.26,0.95,4.60,0.00,0.00,1.00,1.00,-1.06,3.532e-04,-0.17,-0.27,5.985e-04,-0.16,-2.00,-1.88e-04,-0.18,0.13,652.11,0.51,0.63,0.13,0.09,0.30,0.24,0.05,0.02
6,1,0.54,0.95,6.33,-0.96,0.94,2.68,0.00,0.00,1.00,1.00,-1.25,-7.37e-05,-0.12,0.63,1.9226e-03,-0.44,1.78,1.799e-03,-0.75,0.35,353.65,0.26,0.64,0.05,0.08,0.23,0.18,0.44,0.08
6,2,0.68,0.90,6.87,-1.14,0.98,3.76,0.00,0.00,1.00,1.00,-1.39,-1.1456e-03,-0.05,-1.81,-2.32e-03,0.13,-0.92,-2.357e-03,-0.14,0.33,643.48,0.57,0.82,0.12,0.06,0.11,0.07,0.17,0.02
6,3,0.49,0.99,18.87,-0.99,0.87,5.15,0.00,0.00,1.00,1.00,-0.08,7.479e-04,-0.32,-0.95,1.6e-06,-0.06,0.78,-1.257e-03,-0.49,4.50,324.12,0.40,0.65,0.17,0.11,0.13,0.17,0.28,0.05
6,4,0.42,1.01,100.00,-2.23,1.00,1.01,0.00,0.00,1.00,1.00,-1.03,1.827e-04,-0.15,-0.52,2.52e-04,-0.14,-0.97,2.31e-04,-0.22,2.63,1061.85,0.51,0.65,0.13,0.09,0.22,0.18,0.12,0.06
6,6,0.99,0.85,14.74,-1.07,0.91,3.80,0.00,0.00,1.00,1.00,-0.84,9.756e-04,-0.27,-0.03,2.1202e-03,-0.36,0.89,4.079e-03,-0.80,1.95,315.35,0.44,0.69,0.11,0.08,0.21,0.16,0.23,0.06
6,7,0.48,0.94,4.69,-0.35,0.00,1.90,0.00,0.00,1.00,1.00,0.03,1.9831e-03,-0.40,2.62,3.5381e-03,-0.86,2.02,-1.372e-03,-0.64,37.44,263.22,0.40,0.62,0.09,0.11,0.24,0.16,0.25,0.09
6,8,0.69,0.90,5.43,-0.87,0.93,2.75,0.00,0.00,1.00,1.00,-1.57,-1.7031e-03,-2.79e-03,-0.28,-2.893e-04,-0.19,0.75,-6.81e-04,-0.46,0.33,643.48,0.36,0.76,0.07,0.05,0.19,0.13,0.35,0.05
6,9,0.65,0.93,10.55,-0.68,0.64,4.54,0.00,0.00,1.00,1.00,-0.24,1.6588e-03,-0.31,-2.51,-8.075e-04,0.25,-1.21,5.09e-04,-0.26,6.80,472.97,0.59,0.62,0.21,0.15,0.09,0.17,0.09,0.04
6,10,0.68,0.96,28.07,-1.08,0.87,3.66,0.00,0.00,1.00,1.00,-0.43,1.4028e-03,-0.31,1.00,2.3417e-03,-0.48,2.29,5.182e-03,-1.09,4.23,294.65,0.31,0.62,0.10,0.10,0.29,0.21,0.28,0.05
6,11,0.40,1.07,62.78,-1.53,0.98,3.82,0.00,0.00,1.00,1.00,0.24,1.753e-03,-0.46,-0.72,-1.529e-04,-0.06,-0.61,-2.352e-03,-0.30,3.61,279.05,0.46,0.65,0.21,0.10,0.19,0.20,0.12,0.03
6,12,0.50,1.03,20.51,-0.94,0.79,5.71,0.00,0.00,1.00,1.00,-0.79,2.472e-04,-0.24,0.63,-4.61e-06,-0.31,-0.44,-0.01,-0.01,0.87,310.62,0.33,0.68,0.09,0.08,0.36,0.21,0.20,0.01
6,13,0.58,0.95,38.25,-1.56,0.99,4.50,0.00,0.00,1.00,1.00,0.06,2.7884e-03,-0.46,0.12,7.449e-04,-0.25,0.81,-6.67e-04,-0.63,0.87,472.97,0.34,0.62,0.16,0.14,0.24,0.20,0.25,0.02
7,1,0.65,0.90,8.65,-1.16,1.00,2.57,7.36,-1.49,0.99,1.19,-1.29,1.8363e-03,-0.14,-0.37,5.85e-04,-0.12,0.14,-6.38e-04,-0.32,0.23,315.23,0.40,0.56,0.08,0.12,0.22,0.23,0.27,0.08
7,2,0.87,0.89,16.73,-1.23,0.96,2.70,0.00,0.00,1.00,1.00,-1.87,-7.05e-05,-0.06,-1.38,6.155e-04,0.04,-1.41,6.77e-04,-0.14,0.37,608.22,0.62,0.58,0.08,0.05,0.16,0.27,0.11,0.08
7,3,0.40,1.01,8.01,-0.82,0.87,3.29,24.79,-1.61,1.01,1.36,-0.90,5.38e-04,-0.15,-1.62,6.139e-04,0.10,-0.41,1.477e-03,-0.31,0.18,1001.15,0.51,0.42,0.16,0.10,0.12,0.33,0.20,0.13
7,6,0.52,0.96,23.91,-0.70,0.00,7.86,0.00,0.00,1.00,1.00,-1.33,-7.31e-06,-0.15,0.23,4.5772e-03,-0.38,-1.02,4.52e-04,-0.27,2.28,197.30,0.50,0.62,0.09,0.07,0.29,0.24,0.10,0.05
7,7,0.78,0.84,3.55,-0.89,0.96,3.92,100.00,-2.57,1.00,1.04,-1.41,-4.143e-04,-0.04,-0.31,6.86e-05,-0.15,-0.79,1.663e-03,-0.23,1.70,385.42,0.48,0.59,0.10,0.09,0.26,0.18,0.13,0.12
7,8,0.76,0.87,9.08,-1.08,0.95,2.72,0.00,0.00,1.00,1.00,-1.36,5.622e-04,-0.09,-0.84,1.964e-04,-0.03,-0.26,7.2e-05,-0.26,0.18,608.22,0.47,0.57,0.10,0.11,0.19,0.22,0.23,0.08
7,9,0.28,1.11,22.18,-1.05,0.87,4.81,58.24,-1.62,1.00,1.32,-0.91,3.582e-04,-0.13,-2.68,-7.285e-04,0.32,-1.63,-3.7e-04,-0.18,0.51,1013.40,0.63,0.63,0.20,0.14,0.07,0.19,0.08,0.02
7,10,0.46,1.04,38.07,-1.22,0.90,4.43,100.00,-1.57,0.96,1.40,-1.38,2.92e-05,-0.05,-2.01,-5.496e-04,0.27,-1.24,2.9e-04,-0.25,0.27,1083.78,0.61,0.57,0.13,0.09,0.13,0.29,0.11,0.03
7,11,0.60,0.99,26.14,-1.32,0.97,3.56,100.00,-1.87,0.98,1.31,-1.10,2.63e-05,-0.08,0.40,5.701e-04,-0.23,-0.78,1.176e-03,-0.39,0.60,1024.66,0.39,0.55,0.11,0.10,0.39,0.28,0.09,0.05
7,12,1.16,0.88,8.67,-1.04,0.95,1.24,100.00,-1.87,0.98,1.31,-2.51,-5.833e-04,0.14,-0.38,5.509e-04,-0.06,-2.40,-2.835e-03,0.02,5.12,225.13,0.55,0.57,0.06,0.08,0.32,0.30,0.05,0.03
7,13,0.54,1.02,34.59,-1.28,0.95,4.09,100.00,-1.87,0.98,1.31,-1.34,2.58e-05,-0.04,-0.97,-2.549e-04,0.05,-0.90,8.4e-04,-0.40,0.27,1083.78,0.53,0.59,0.12,0.11,0.22,0.24,0.11,0.03
11,1,0.89,0.86,7.37,-0.90,0.91,2.46,0.00,0.00,1.00,1.00,-1.80,5.25e-05,-0.03,-0.94,-1.942e-04,-0.09,-1.28,-1.323e-03,-0.09,0.24,501.73,0.57,0.70,0.09,0.09,0.19,0.14,0.13,0.05
11,2,0.92,0.85,10.54,-1.10,0.95,5.56,0.00,0.00,1.00,1.00,-2.24,-3.797e-04,0.05,-0.54,1.4981e-03,-0.26,-2.06,-4.81e-04,-0.06,1.27,454.22,0.62,0.70,0.07,0.08,0.22,0.15,0.07,0.04
11,3,1.06,0.82,7.49,-0.80,0.84,2.67,0.00,0.00,1.00,1.00,-1.51,4.61e-05,-0.05,-1.56,-4.649e-04,0.03,-1.68,-2.17e-04,-0.09,0.30,395.45,0.63,0.67,0.12,0.11,0.14,0.14,0.09,0.06
11,4,1.21,0.83,1.87,-0.12,0.00,1.69,0.00,0.00,1.00,1.00,-1.77,1.66e-05,-0.02,-1.02,3.959e-04,-0.08,-1.61,3.34e-04,-0.16,3.70,421.96,0.62,0.67,0.10,0.09,0.18,0.17,0.08,0.05
11,6,0.98,0.84,4.61,-0.50,0.58,2.53,0.00,0.00,1.00,1.00,-1.88,-1.534e-04,-0.03,-0.85,1.5556e-03,-0.23,-2.85,-2.222e-03,0.10,2.11,328.31,0.67,0.74,0.09,0.08,0.18,0.13,0.04,0.03
11,7,0.89,0.83,6.13,-0.83,0.89,2.60,0.00,0.00,1.00,1.00,-1.61,-7.73e-06,-0.04,-1.36,-3.238e-04,-0.02,-1.55,7.8e-05,-0.10,0.43,543.30,0.62,0.69,0.11,0.10,0.15,0.12,0.10,0.07
11,8,0.98,0.82,6.46,-0.80,0.86,2.67,0.00,0.00,1.00,1.00,-1.84,-3.634e-04,0.01,-1.07,-1.929e-04,-0.08,-1.12,-4.06e-04,-0.15,0.24,543.30,0.58,0.70,0.09,0.10,0.17,0.12,0.14,0.06
11,9,1.00,0.83,17.35,-1.11,0.94,3.56,0.00,0.00,1.00,1.00,-1.36,1.299e-04,-0.05,-1.77,7.26e-05,0.07,-2.75,-1.195e-03,0.02,0.43,552.84,0.67,0.66,0.15,0.12,0.12,0.18,0.04,0.02
11,10,1.07,0.87,10.56,-1.03,0.95,2.41,0.00,0.00,1.00,1.00,-1.78,-2.54e-04,-0.01,-1.24,4.374e-04,4.71e-03,-2.51,-1.998e-03,0.01,0.33,416.76,0.65,0.65,0.10,0.09,0.18,0.23,0.05,0.02
11,11,0.73,0.96,9.86,-1.05,0.96,2.25,0.00,0.00,1.00,1.00,-1.53,3.581e-04,-0.11,-1.36,-1.0769e-03,0.05,-2.30,-2.153e-03,-0.08,0.27,637.21,0.64,0.75,0.11,0.09,0.18,0.13,0.05,0.01
11,12,1.18,0.87,26.05,-1.28,0.97,2.22,0.00,0.00,1.00,1.00,-2.25,-7.354e-04,0.02,-2.04,-1.2465e-03,0.19,-1.70,-2.484e-03,-0.21,0.34,386.17,0.70,0.72,0.07,0.06,0.12,0.19,0.08,0.01
11,13,1.09,0.87,12.90,-1.09,0.96,2.50,0.00,0.00,1.00,1.00,-1.53,4.838e-04,-0.10,-1.51,-1.0555e-03,0.09,-2.16,-1.592e-03,-0.13,0.27,637.21,0.65,0.72,0.11,0.11,0.16,0.14,0.06,0.01
12,1,0.97,0.85,14.31,-1.10,0.94,3.07,0.00,0.00,1.00,1.00,-1.78,-1.784e-04,-0.02,-1.18,1.093e-03,-0.12,-0.45,7.17e-04,-0.35,0.35,342.15,0.56,0.68,0.09,0.09,0.14,0.14,0.19,0.07
12,2,1.00,0.84,13.90,-1.24,1.01,2.63,0.00,0.00,1.00,1.00,-1.70,7.47e-05,-0.03,-1.92,-2.898e-04,0.08,-1.21,3.91e-04,-0.23,2.66,544.47,0.65,0.69,0.11,0.10,0.11,0.14,0.12,0.05
12,3,0.90,0.86,6.44,-0.66,0.72,2.85,0.00,0.00,1.00,1.00,-1.63,-4.62e-05,-0.03,-1.47,6.221e-04,-0.03,-1.19,-2.77e-04,-0.17,0.42,301.24,0.61,0.67,0.11,0.10,0.13,0.15,0.13,0.06
12,4,1.07,0.84,5.17,-0.45,0.41,4.02,0.00,0.00,1.00,1.00,-1.45,4.431e-04,-0.09,-1.36,-2.32e-04,7.28e-03,-1.57,-5.6e-05,-0.14,1.76,460.50,0.62,0.67,0.12,0.11,0.16,0.16,0.09,0.05
12,6,0.99,0.87,9.69,-0.84,0.84,3.27,0.00,0.00,1.00,1.00,-2.04,-1.1173e-03,0.01,-2.53,-2.1682e-03,0.18,-1.83,4.27e-04,-0.12,2.17,263.76,0.72,0.75,0.09,0.07,0.08,0.09,0.09,0.06
12,7,1.07,0.81,6.28,-0.77,0.85,2.55,0.00,0.00,1.00,1.00,-1.75,1.138e-04,-0.04,-1.58,-6.475e-04,0.04,-1.20,9.4e-04,-0.21,0.43,376.37,0.62,0.68,0.10,0.09,0.13,0.14,0.13,0.08
12,8,0.96,0.84,8.42,-0.88,0.90,3.13,0.00,0.00,1.00,1.00,-1.59,3.825e-04,-0.07,-1.48,6.139e-04,-0.04,-1.08,-5.39e-04,-0.17,0.35,544.47,0.60,0.67,0.10,0.10,0.12,0.15,0.15,0.05
12,9,1.01,0.84,14.95,-1.05,0.95,3.00,0.00,0.00,1.00,1.00,-1.78,-5.828e-04,0.04,-1.73,1.132e-04,0.01,-2.76,-6.85e-04,-0.01,0.88,390.17,0.70,0.70,0.12,0.12,0.12,0.13,0.04,0.03
12,10,1.38,0.81,11.11,-0.92,0.88,2.49,0.00,0.00,1.00,1.00,-1.75,-3.26e-04,-0.01,-2.61,8.85e-05,0.25,-4.73,-3.946e-03,0.51,0.44,308.29,0.76,0.65,0.12,0.09,0.08,0.21,0.01,0.03
12,11,0.91,0.90,15.62,-1.11,0.96,2.55,0.00,0.00,1.00,1.00,-1.79,-8.069e-04,-0.01,-1.47,4.943e-04,0.02,-2.71,-2.878e-03,0.04,0.48,594.07,0.68,0.68,0.11,0.06,0.16,0.23,0.04,0.01
12,12,1.38,0.82,25.13,-1.39,1.00,2.13,0.00,0.00,1.00,1.00,-1.50,-4.696e-04,-0.08,-2.14,1.42e-05,0.17,-2.52,-1.78e-03,-0.05,1.87,425.24,0.70,0.67,0.13,0.07,0.11,0.23,0.05,0.01
12,13,0.95,0.89,14.92,-1.09,0.96,2.52,0.00,0.00,1.00,1.00,-1.66,-8.911e-04,-0.02,-2.00,1.276e-04,0.13,-2.73,-2.214e-03,-6.1e-03,0.44,594.07,0.70,0.68,0.12,0.06,0.11,0.23,0.04,0.01
13,1,0.96,0.86,6.66,-0.82,0.87,2.34,0.00,0.00,1.00,1.00,-1.72,-1.848e-04,-0.02,-1.23,-1.02e-05,-0.09,-0.95,-8.78e-04,-0.13,0.24,275.40,0.57,0.68,0.10,0.10,0.14,0.11,0.17,0.09
13,2,0.66,0.97,4.88,-0.85,1.07,2.71,0.00,0.00,1.00,1.00,-1.28,2.8036e-03,-0.25,-0.37,5.3032e-03,-0.46,-0.31,7.336e-03,-0.57,0.93,132.21,0.57,0.72,0.10,0.08,0.17,0.10,0.15,0.08
13,3,1.04,0.83,11.93,-0.95,0.88,2.41,0.00,0.00,1.00,1.00,-1.68,2.014e-04,-0.02,-1.56,3.914e-04,-0.01,-1.13,-5.74e-04,-0.14,0.28,411.81,0.61,0.66,0.10,0.11,0.12,0.14,0.15,0.07
13,7,0.90,0.84,2.36,-0.41,0.68,1.81,0.00,0.00,1.00,1.00,-1.90,-2.236e-04,6.74e-03,-1.50,4.51e-05,0.01,-1.18,4.65e-04,-0.18,0.44,498.37,0.62,0.65,0.09,0.09,0.14,0.16,0.13,0.08
13,8,1.01,0.85,5.84,-0.74,0.82,2.35,0.00,0.00,1.00,1.00,-1.48,8.329e-04,-0.11,-1.03,9.308e-04,-0.16,-0.72,8.72e-04,-0.24,0.24,275.40,0.56,0.67,0.10,0.10,0.15,0.11,0.18,0.10
13,9,1.02,0.84,13.01,-1.07,0.95,2.52,0.00,0.00,1.00,1.00,-1.41,1.734e-04,-0.05,-1.57,-8.08e-05,-0.02,-1.91,-1.448e-03,-0.11,0.32,620.18,0.64,0.72,0.14,0.13,0.12,0.12,0.07,0.02
13,13,1.27,0.82,13.13,-1.12,0.97,2.19,0.00,0.00,1.00,1.00,-1.45,3.892e-04,-0.09,-2.25,-1.1334e-03,0.22,-1.90,-1.735e-03,-0.15,0.28,620.18,0.68,0.71,0.13,0.11,0.10,0.15,0.07,0.01
14,1,0.89,0.84,7.77,-1.00,0.96,2.41,0.00,0.00,1.00,1.00,-1.69,-4.413e-04,-0.01,-1.11,-7.713e-04,-0.05,-0.94,-1.812e-03,-0.07,0.24,147.47,0.54,0.63,0.09,0.09,0.16,0.14,0.18,0.12
14,8,0.89,0.84,7.77,-1.00,0.96,2.41,0.00,0.00,1.00,1.00,-1.69,-4.413e-04,-0.01,-1.11,-7.713e-04,-0.05,-0.94,-1.812e-03,-0.07,0.24,247.27,0.54,0.66,0.09,0.09,0.16,0.13,0.18,0.10
14,13,1.27,0.82,13.13,-1.12,0.97,2.19,0.00,0.00,1.00,1.00,-1.45,3.892e-04,-0.09,-2.25,-1.1334e-03,0.22,-1.90,-1.735e-03,-0.15,0.28,620.18,0.68,0.71,0.13,0.11,0.10,0.15,0.07,0.01
15,1,1.23,0.80,10.99,-1.01,0.93,2.32,0.00,0.00,1.00,1.00,-1.79,-7.27e-05,-0.02,-1.36,4.806e-04,-0.09,-0.86,-2.87e-04,-0.21,0.24,444.78,0.59,0.70,0.09,0.09,0.13,0.12,0.17,0.07
15,2,1.37,0.77,9.37,-1.04,0.97,2.09,0.00,0.00,1.00,1.00,-2.10,5.903e-04,-0.02,-1.73,9.77e-04,-0.05,-1.44,-1.11e-04,-0.17,0.25,835.86,0.68,0.65,0.08,0.11,0.11,0.18,0.12,0.04
15,3,1.04,0.83,11.93,-0.95,0.88,2.41,0.00,0.00,1.00,1.00,-1.68,2.014e-04,-0.02,-1.56,3.914e-04,-0.01,-1.13,-5.74e-04,-0.14,0.28,411.81,0.61,0.66,0.10,0.11,0.12,0.14,0.15,0.07
15,4,1.13,0.83,4.14,-0.76,0.92,2.03,0.00,0.00,1.00,1.00,-1.38,4.551e-04,-0.10,-1.61,-3.346e-04,0.06,-1.20,3.66e-04,-0.25,2.43,577.77,0.62,0.66,0.12,0.11,0.14,0.16,0.11,0.04
15,6,1.10,0.83,11.41,-1.08,0.99,2.32,0.00,0.00,1.00,1.00,-1.86,1.958e-04,-0.06,-1.38,7.411e-04,-0.10,-1.60,-9.91e-04,-0.11,0.32,263.16,0.66,0.73,0.09,0.08,0.13,0.12,0.10,0.05
15,7,0.90,0.84,2.36,-0.41,0.68,1.81,0.00,0.00,1.00,1.00,-1.90,-2.236e-04,6.74e-03,-1.50,4.51e-05,0.01,-1.18,4.65e-04,-0.18,0.44,498.37,0.62,0.65,0.09,0.09,0.14,0.16,0.13,0.08
15,8,1.27,0.79,11.71,-1.05,0.95,2.32,0.00,0.00,1.00,1.00,-1.85,-1.829e-04,-0.01,-1.31,9.25e-04,-0.11,-1.22,-1.118e-03,-0.10,0.24,835.86,0.61,0.69,0.09,0.08,0.13,0.18,0.15,0.03
15,9,1.02,0.84,13.01,-1.07,0.95,2.52,0.00,0.00,1.00,1.00,-1.41,1.734e-04,-0.05,-1.57,-8.08e-05,-0.02,-1.91,-1.448e-03,-0.11,0.32,620.18,0.64,0.72,0.14,0.13,0.12,0.12,0.07,0.02
15,10,1.19,0.83,11.60,-1.07,0.95,2.16,0.00,0.00,1.00,1.00,-1.86,-3.583e-04,0.01,-1.43,1.5429e-03,-0.02,-1.93,-1.368e-03,-0.09,0.36,425.88,0.66,0.62,0.10,0.09,0.15,0.25,0.08,0.02
15,11,1.05,0.87,8.20,-0.93,0.94,2.17,0.00,0.00,1.00,1.00,-1.84,-5.793e-04,-0.01,-1.51,1.825e-04,0.05,-1.96,-2.027e-03,-0.14,0.44,509.09,0.66,0.67,0.10,0.07,0.16,0.23,0.07,0.01
15,12,1.51,0.80,22.61,-1.27,0.98,1.99,0.00,0.00,1.00,1.00,-1.90,-6.828e-04,-0.01,-2.55,-1.0482e-03,0.29,-1.46,-5.91e-04,-0.30,0.28,496.33,0.70,0.70,0.10,0.06,0.08,0.20,0.09,0.01
15,13,1.27,0.82,13.13,-1.12,0.97,2.19,0.00,0.00,1.00,1.00,-1.45,3.892e-04,-0.09,-2.25,-1.1334e-03,0.22,-1.90,-1.735e-03,-0.15,0.28,620.18,0.68,0.71,0.13,0.11,0.10,0.15,0.07,0.01
16,1,0.75,0.91,7.21,-0.92,0.93,2.53,0.00,0.00,1.00,1.00,-1.49,2.543e-04,-0.10,-1.05,-3.263e-04,-0.16,-0.02,-1.261e-03,-0.35,0.18,375.34,0.50,0.75,0.09,0.10,0.13,0.08,0.27,0.05
16,2,1.25,0.81,14.51,-1.14,0.96,3.12,0.00,0.00,1.00,1.00,-1.49,8.04e-04,-0.18,-1.00,1.3393e-03,-0.26,-0.46,6.89e-04,-0.41,0.22,789.03,0.58,0.72,0.09,0.09,0.13,0.13,0.18,0.05
16,3,0.56,0.95,3.51,-0.58,0.76,3.26,0.00,0.00,1.00,1.00,-1.56,7.084e-04,-0.06,-0.84,-1.811e-04,-0.18,0.52,-5.56e-04,-0.49,0.32,235.17,0.44,0.70,0.08,0.12,0.14,0.10,0.32,0.06
16,4,1.04,0.86,0.00,-0.50,1.00,1.00,0.00,0.00,1.00,1.00,-1.38,4.551e-04,-0.10,-1.61,-3.346e-04,0.06,-1.20,3.66e-04,-0.25,2.43,577.77,0.62,0.66,0.12,0.11,0.14,0.16,0.11,0.04
16,6,1.10,0.83,11.41,-1.08,0.99,2.32,0.00,0.00,1.00,1.00,-1.86,1.958e-04,-0.06,-1.38,7.411e-04,-0.10,-1.60,-9.91e-04,-0.11,0.32,263.16,0.66,0.73,0.09,0.08,0.13,0.12,0.10,0.05
16,7,0.60,0.90,0.22,-3.23,1.02,2.17,0.00,0.00,1.00,1.00,-1.82,-2.542e-04,-0.01,-0.41,-1.62e-04,-0.18,-0.23,-2.24e-04,-0.30,1.81,552.36,0.48,0.70,0.07,0.09,0.22,0.13,0.21,0.07
16,8,1.16,0.82,10.28,-1.07,0.96,2.83,0.00,0.00,1.00,1.00,-1.35,3.799e-04,-0.17,-0.77,1.2207e-03,-0.28,0.01,1.03e-04,-0.44,0.18,789.03,0.50,0.74,0.09,0.08,0.14,0.13,0.24,0.04
16,9,0.63,0.93,16.21,-1.13,0.94,4.03,0.00,0.00,1.00,1.00,-1.38,1.328e-04,-0.05,-1.21,-5.21e-05,-0.11,-0.43,-1.629e-03,-0.39,0.30,571.15,0.55,0.74,0.12,0.14,0.13,0.10,0.18,0.01
16,10,0.89,0.90,3.40,-0.60,0.80,2.22,0.00,0.00,1.00,1.00,-1.71,-2.471e-04,-0.01,-1.55,-4.16e-04,5.94e-03,-0.44,4.96e-04,-0.43,0.29,299.60,0.58,0.70,0.10,0.11,0.12,0.13,0.18,0.04
16,11,1.09,0.88,1.05,-6.45e-03,0.00,1.03,0.00,0.00,1.00,1.00,-1.84,-5.793e-04,-0.01,-1.51,1.825e-04,0.05,-1.96,-2.027e-03,-0.14,0.44,509.09,0.66,0.67,0.10,0.07,0.16,0.23,0.07,0.01
16,12,1.51,0.80,22.61,-1.27,0.98,1.99,0.00,0.00,1.00,1.00,-1.90,-6.828e-04,-0.01,-2.55,-1.0482e-03,0.29,-1.46,-5.91e-04,-0.30,0.28,496.33,0.70,0.70,0.10,0.06,0.08,0.20,0.09,0.01
16,13,1.01,0.85,8.43,-0.93,0.91,3.81,0.00,0.00,1.00,1.00,-1.48,3.42e-04,-0.04,-1.23,-7.836e-04,-0.06,-0.45,-1.044e-03,-0.45,0.29,571.15,0.56,0.74,0.11,0.15,0.14,0.09,0.16,0.01
17,1,0.97,0.85,14.31,-1.10,0.94,3.07,0.00,0.00,1.00,1.00,-1.78,-1.784e-04,-0.02,-1.18,1.093e-03,-0.12,-0.45,7.17e-04,-0.35,0.35,342.15,0.56,0.68,0.09,0.09,0.14,0.14,0.19,0.07
17,2,1.00,0.84,13.90,-1.24,1.01,2.63,0.00,0.00,1.00,1.00,-1.70,7.47e-05,-0.03,-1.92,-2.898e-04,0.08,-1.21,3.91e-04,-0.23,2.66,544.47,0.65,0.69,0.11,0.10,0.11,0.14,0.12,0.05
17,3,0.90,0.86,6.44,-0.66,0.72,2.85,0.00,0.00,1.00,1.00,-1.63,-4.62e-05,-0.03,-1.47,6.221e-04,-0.03,-1.19,-2.77e-04,-0.17,0.42,301.24,0.61,0.67,0.11,0.10,0.13,0.15,0.13,0.06
17,4,1.07,0.84,5.17,-0.45,0.41,4.02,0.00,0.00,1.00,1.00,-1.45,4.431e-04,-0.09,-1.36,-2.32e-04,7.28e-03,-1.57,-5.6e-05,-0.14,1.76,460.50,0.62,0.67,0.12,0.11,0.16,0.16,0.09,0.05
17,6,0.99,0.87,9.69,-0.84,0.84,3.27,0.00,0.00,1.00,1.00,-2.04,-1.1173e-03,0.01,-2.53,-2.1682e-03,0.18,-1.83,4.27e-04,-0.12,2.17,263.76,0.72,0.75,0.09,0.07,0.08,0.09,0.09,0.06
17,7,1.07,0.81,6.28,-0.77,0.85,2.55,0.00,0.00,1.00,1.00,-1.75,1.138e-04,-0.04,-1.58,-6.475e-04,0.04,-1.20,9.4e-04,-0.21,0.43,376.37,0.62,0.68,0.10,0.09,0.13,0.14,0.13,0.08
17,8,0.96,0.84,8.42,-0.88,0.90,3.13,0.00,0.00,1.00,1.00,-1.59,3.825e-04,-0.07,-1.48,6.139e-04,-0.04,-1.08,-5.39e-04,-0.17,0.35,544.47,0.60,0.67,0.10,0.10,0.12,0.15,0.15,0.05
17,9,1.01,0.84,14.95,-1.05,0.95,3.00,0.00,0.00,1.00,1.00,-1.78,-5.828e-04,0.04,-1.73,1.132e-04,0.01,-2.76,-6.85e-04,-0.01,0.88,390.17,0.70,0.70,0.12,0.12,0.12,0.13,0.04,0.03
17,10,1.38,0.81,11.11,-0.92,0.88,2.49,0.00,0.00,1.00,1.00,-1.75,-3.26e-04,-0.01,-2.61,8.85e-05,0.25,-4.73,-3.946e-03,0.51,0.44,308.29,0.76,0.65,0.12,0.09,0.08,0.21,0.01,0.03
17,11,0.91,0.90,15.62,-1.11,0.96,2.55,0.00,0.00,1.00,1.00,-1.79,-8.069e-04,-0.01,-1.47,4.943e-04,0.02,-2.71,-2.878e-03,0.04,0.48,594.07,0.68,0.68,0.11,0.06,0.16,0.23,0.04,0.01
17,12,1.38,0.82,25.13,-1.39,1.00,2.13,0.00,0.00,1.00,1.00,-1.50,-4.696e-04,-0.08,-2.14,1.42e-05,0.17,-2.52,-1.78e-03,-0.05,1.87,425.24,0.70,0.67,0.13,0.07,0.11,0.23,0.05,0.01
17,13,0.95,0.89,14.92,-1.09,0.96,2.52,0.00,0.00,1.00,1.00,-1.66,-8.911e-04,-0.02,-2.00,1.276e-04,0.13,-2.73,-2.214e-03,-6.1e-03,0.44,594.07,0.70,0.68,0.12,0.06,0.11,0.23,0.04,0.01
18,1,0.75,0.91,7.21,-0.92,0.93,2.53,0.00,0.00,1.00,1.00,-1.49,2.543e-04,-0.10,-1.05,-3.263e-04,-0.16,-0.02,-1.261e-03,-0.35,0.18,375.34,0.50,0.75,0.09,0.10,0.13,0.08,0.27,0.05
18,2,1.25,0.81,14.51,-1.14,0.96,3.12,0.00,0.00,1.00,1.00,-1.49,8.04e-04,-0.18,-1.00,1.3393e-03,-0.26,-0.46,6.89e-04,-0.41,0.22,789.03,0.58,0.72,0.09,0.09,0.13,0.13,0.18,0.05
18,3,0.56,0.95,3.51,-0.58,0.76,3.26,0.00,0.00,1.00,1.00,-1.56,7.084e-04,-0.06,-0.84,-1.811e-04,-0.18,0.52,-5.56e-04,-0.49,0.32,235.17,0.44,0.70,0.08,0.12,0.14,0.10,0.32,0.06
18,4,1.04,0.86,0.00,-0.50,1.00,1.00,0.00,0.00,1.00,1.00,-1.38,4.551e-04,-0.10,-1.61,-3.346e-04,0.06,-1.20,3.66e-04,-0.25,2.43,577.77,0.62,0.66,0.12,0.11,0.14,0.16,0.11,0.04
18,6,1.10,0.83,11.41,-1.08,0.99,2.32,0.00,0.00,1.00,1.00,-1.86,1.958e-04,-0.06,-1.38,7.411e-04,-0.10,-1.60,-9.91e-04,-0.11,0.32,263.16,0.66,0.73,0.09,0.08,0.13,0.12,0.10,0.05
18,7,0.60,0.90,0.22,-3.23,1.02,2.17,0.00,0.00,1.00,1.00,-1.82,-2.542e-04,-0.01,-0.41,-1.62e-04,-0.18,-0.23,-2.24e-04,-0.30,1.81,552.36,0.48,0.70,0.07,0.09,0.22,0.13,0.21,0.07
18,8,1.16,0.82,10.28,-1.07,0.96,2.83,0.00,0.00,1.00,1.00,-1.35,3.799e-04,-0.17,-0.77,1.2207e-03,-0.28,0.01,1.03e-04,-0.44,0.18,789.03,0.50,0.74,0.09,0.08,0.14,0.13,0.24,0.04
18,9,0.63,0.93,16.21,-1.13,0.94,4.03,0.00,0.00,1.00,1.00,-1.38,1.328e-04,-0.05,-1.21,-5.21e-05,-0.11,-0.43,-1.629e-03,-0.39,0.30,571.15,0.55,0.74,0.12,0.14,0.13,0.10,0.18,0.01
18,10,0.89,0.90,3.40,-0.60,0.80,2.22,0.00,0.00,1.00,1.00,-1.71,-2.471e-04,-0.01,-1.55,-4.16e-04,5.94e-03,-0.44,4.96e-04,-0.43,0.29,299.60,0.58,0.70,0.10,0.11,0.12,0.13,0.18,0.04
18,11,1.09,0.88,1.05,-6.45e-03,0.00,1.03,0.00,0.00,1.00,1.00,-1.84,-5.793e-04,-0.01,-1.51,1.825e-04,0.05,-1.96,-2.027e-03,-0.14,0.44,509.09,0.66,0.67,0.10,0.07,0.16,0.23,0.07,0.01
18,12,1.51,0.80,22.61,-1.27,0.98,1.99,0.00,0.00,1.00,1.00,-1.90,-6.828e-04,-0.01,-2.55,-1.0482e-03,0.29,-1.46,-5.91e-04,-0.30,0.28,496.33,0.70,0.70,0.10,0.06,0.08,0.20,0.09,0.01
18,13,1.01,0.85,8.43,-0.93,0.91,3.81,0.00,0.00,1.00,1.00,-1.48,3.42e-04,-0.04,-1.23,-7.836e-04,-0.06,-0.45,-1.044e-03,-0.45,0.29,571.15,0.56,0.74,0.11,0.15,0.14,0.09,0.16,0.01
19,1,0.75,0.91,7.21,-0.92,0.93,2.53,0.00,0.00,1.00,1.00,-1.49,2.543e-04,-0.10,-1.05,-3.263e-04,-0.16,-0.02,-1.261e-03,-0.35,0.18,375.34,0.50,0.75,0.09,0.10,0.13,0.08,0.27,0.05
19,2,1.25,0.81,14.51,-1.14,0.96,3.12,0.00,0.00,1.00,1.00,-1.49,8.04e-04,-0.18,-1.00,1.3393e-03,-0.26,-0.46,6.89e-04,-0.41,0.22,789.03,0.58,0.72,0.09,0.09,0.13,0.13,0.18,0.05
19,3,0.56,0.95,3.51,-0.58,0.76,3.26,0.00,0.00,1.00,1.00,-1.56,7.084e-04,-0.06,-0.84,-1.811e-04,-0.18,0.52,-5.56e-04,-0.49,0.32,235.17,0.44,0.70,0.08,0.12,0.14,0.10,0.32,0.06
19,4,1.04,0.86,0.00,-0.50,1.00,1.00,0.00,0.00,1.00,1.00,-1.38,4.551e-04,-0.10,-1.61,-3.346e-04,0.06,-1.20,3.66e-04,-0.25,2.43,577.77,0.62,0.66,0.12,0.11,0.14,0.16,0.11,0.04
19,6,1.10,0.83,11.41,-1.08,0.99,2.32,0.00,0.00,1.00,1.00,-1.86,1.958e-04,-0.06,-1.38,7.411e-04,-0.10,-1.60,-9.91e-04,-0.11,0.32,263.16,0.66,0.73,0.09,0.08,0.13,0.12,0.10,0.05
19,7,0.60,0.90,0.22,-3.23,1.02,2.17,0.00,0.00,1.00,1.00,-1.82,-2.542e-04,-0.01,-0.41,-1.62e-04,-0.18,-0.23,-2.24e-04,-0.30,1.81,552.36,0.48,0.70,0.07,0.09,0.22,0.13,0.21,0.07
19,8,1.16,0.82,10.28,-1.07,0.96,2.83,0.00,0.00,1.00,1.00,-1.35,3.799e-04,-0.17,-0.77,1.2207e-03,-0.28,0.01,1.03e-04,-0.44,0.18,789.03,0.50,0.74,0.09,0.08,0.14,0.13,0.24,0.04
19,9,0.63,0.93,16.21,-1.13,0.94,4.03,0.00,0.00,1.00,1.00,-1.38,1.328e-04,-0.05,-1.21,-5.21e-05,-0.11,-0.43,-1.629e-03,-0.39,0.30,571.15,0.55,0.74,0.12,0.14,0.13,0.10,0.18,0.01
19,10,0.89,0.90,3.40,-0.60,0.80,2.22,0.00,0.00,1.00,1.00,-1.71,-2.471e-04,-0.01,-1.55,-4.16e-04,5.94e-03,-0.44,4.96e-04,-0.43,0.29,299.60,0.58,0.70,0.10,0.11,0.12,0.13,0.18,0.04
19,11,1.09,0.88,1.05,-6.45e-03,0.00,1.03,0.00,0.00,1.00,1.00,-1.84,-5.793e-04,-0.01,-1.51,1.825e-04,0.05,-1.96,-2.027e-03,-0.14,0.44,509.09,0.66,0.67,0.10,0.07,0.16,0.23,0.07,0.01
19,12,1.51,0.80,22.61,-1.27,0.98,1.99,0.00,0.00,1.00,1.00,-1.90,-6.828e-04,-0.01,-2.55,-1.0482e-03,0.29,-1.46,-5.91e-04,-0.30,0.28,496.33,0.70,0.70,0.10,0.06,0.08,0.20,0.09,0.01
19,13,1.01,0.85,8.43,-0.93,0.91,3.81,0.00,0.00,1.00,1.00,-1.48,3.42e-04,-0.04,-1.23,-7.836e-04,-0.06,-0.45,-1.044e-03,-0.45,0.29,571.15,0.56,0.74,0.11,0.15,0.14,0.09,0.16,0.01
21,1,0.70,0.90,4.61,-1.01,0.98,1.80,0.00,0.00,1.00,1.00,-1.57,2.621e-04,-0.08,-0.83,4.997e-04,-0.23,-0.16,3.3e-05,-0.38,0.31,529.19,0.52,0.74,0.09,0.10,0.15,0.09,0.23,0.05
21,2,0.66,0.93,20.26,-1.57,1.00,2.32,0.00,0.00,1.00,1.00,-1.79,2.85e-04,-0.11,-1.28,-1.3455e-03,-0.11,-0.70,8.22e-04,-0.38,0.16,386.36,0.61,0.80,0.08,0.07,0.14,0.06,0.16,0.05
21,3,0.49,0.95,2.97,-0.95,0.98,1.67,0.00,0.00,1.00,1.00,-1.68,-1.204e-04,-6.0e-03,-0.94,7.694e-04,-0.20,-0.36,-1.0e-03,-0.31,1.51,329.11,0.54,0.71,0.10,0.12,0.14,0.10,0.20,0.05
21,6,0.53,0.92,0.55,-0.27,0.87,1.25,0.00,0.00,1.00,1.00,-1.97,-6.047e-04,-0.02,-1.42,-1.8351e-03,-0.01,-1.04,-1.387e-03,-0.20,2.87,450.40,0.62,0.80,0.08,0.07,0.14,0.07,0.14,0.04
21,7,0.67,0.84,1.26,-0.04,0.00,1.17,0.00,0.00,1.00,1.00,-1.91,-3.23e-04,0.01,-0.40,6.499e-04,-0.23,0.36,1.588e-03,-0.46,16.21,499.74,0.54,0.65,0.08,0.08,0.18,0.14,0.19,0.11
21,8,0.84,0.86,9.28,-1.29,0.99,2.02,0.00,0.00,1.00,1.00,-1.85,-4.392e-04,-0.04,-1.06,-1.517e-04,-0.17,-0.55,-6.2e-05,-0.33,0.16,499.74,0.57,0.78,0.08,0.07,0.14,0.08,0.19,0.05
21,9,0.55,0.95,18.72,-1.61,1.00,2.47,0.00,0.00,1.00,1.00,-1.23,3.359e-04,-0.08,-1.13,-1.39e-05,-0.12,-0.31,8.77e-04,-0.52,0.58,703.92,0.55,0.72,0.13,0.14,0.14,0.10,0.16,0.03
21,10,0.71,0.92,1.66,-0.85,0.98,1.38,0.00,0.00,1.00,1.00,-1.66,-6.34e-05,-0.02,-0.61,2.2315e-03,-0.27,-0.82,1.295e-03,-0.40,0.36,289.67,0.57,0.69,0.10,0.11,0.19,0.14,0.12,0.04
21,12,0.61,0.96,1.07,-0.58,0.95,1.28,0.00,0.00,1.00,1.00,-1.05,-2.159e-04,-0.14,-1.24,-5.785e-04,-0.10,-2.45,-2.474e-03,-0.07,2.17,381.68,0.63,0.78,0.16,0.10,0.14,0.09,0.04,0.01
21,13,0.59,0.94,11.79,-1.40,0.99,2.10,0.00,0.00,1.00,1.00,-1.23,2.12e-04,-0.09,-1.15,-9.56e-05,-0.12,-0.29,9.57e-04,-0.59,0.36,703.92,0.56,0.74,0.14,0.13,0.14,0.09,0.15,0.02
22,1,0.70,0.90,4.61,-1.01,0.98,1.80,0.00,0.00,1.00,1.00,-1.57,2.621e-04,-0.08,-0.83,4.997e-04,-0.23,-0.16,3.3e-05,-0.38,0.31,529.19,0.52,0.74,0.09,0.10,0.15,0.09,0.23,0.05
22,2,0.66,0.93,20.26,-1.57,1.00,2.32,0.00,0.00,1.00,1.00,-1.79,2.85e-04,-0.11,-1.28,-1.3455e-03,-0.11,-0.70,8.22e-04,-0.38,0.16,386.36,0.61,0.80,0.08,0.07,0.14,0.06,0.16,0.05
22,3,0.49,0.95,2.97,-0.95,0.98,1.67,0.00,0.00,1.00,1.00,-1.68,-1.204e-04,-6.0e-03,-0.94,7.694e-04,-0.20,-0.36,-1.0e-03,-0.31,1.51,329.11,0.54,0.71,0.10,0.12,0.14,0.10,0.20,0.05
22,6,0.53,0.92,0.55,-0.27,0.87,1.25,0.00,0.00,1.00,1.00,-1.97,-6.047e-04,-0.02,-1.42,-1.8351e-03,-0.01,-1.04,-1.387e-03,-0.20,2.87,450.40,0.62,0.80,0.08,0.07,0.14,0.07,0.14,0.04
22,7,0.67,0.84,1.26,-0.04,0.00,1.17,0.00,0.00,1.00,1.00,-1.91,-3.23e-04,0.01,-0.40,6.499e-04,-0.23,0.36,1.588e-03,-0.46,16.21,499.74,0.54,0.65,0.08,0.08,0.18,0.14,0.19,0.11
22,8,0.84,0.86,9.28,-1.29,0.99,2.02,0.00,0.00,1.00,1.00,-1.85,-4.392e-04,-0.04,-1.06,-1.517e-04,-0.17,-0.55,-6.2e-05,-0.33,0.16,499.74,0.57,0.78,0.08,0.07,0.14,0.08,0.19,0.05
22,9,0.55,0.95,18.72,-1.61,1.00,2.47,0.00,0.00,1.00,1.00,-1.23,3.359e-04,-0.08,-1.13,-1.39e-05,-0.12,-0.31,8.77e-04,-0.52,0.58,703.92,0.55,0.72,0.13,0.14,0.14,0.10,0.16,0.03
22,10,0.71,0.92,1.66,-0.85,0.98,1.38,0.00,0.00,1.00,1.00,-1.66,-6.34e-05,-0.02,-0.61,2.2315e-03,-0.27,-0.82,1.295e-03,-0.40,0.36,289.67,0.57,0.69,0.10,0.11,0.19,0.14,0.12,0.04
22,12,0.61,0.96,1.07,-0.58,0.95,1.28,0.00,0.00,1.00,1.00,-1.05,-2.159e-04,-0.14,-1.24,-5.785e-04,-0.10,-2.45,-2.474e-03,-0.07,2.17,381.68,0.63,0.78,0.16,0.10,0.14,0.09,0.04,0.01
22,13,0.59,0.94,11.79,-1.40,0.99,2.10,0.00,0.00,1.00,1.00,-1.23,2.12e-04,-0.09,-1.15,-9.56e-05,-0.12,-0.29,9.57e-04,-0.59,0.36,703.92,0.56,0.74,0.14,0.13,0.14,0.09,0.15,0.02
23,1,0.51,0.95,4.09,-0.86,0.95,2.06,0.00,0.00,1.00,1.00,-1.10,2.005e-04,-0.15,-0.50,-4.368e-04,-0.22,0.26,-8.59e-04,-0.41,0.58,490.40,0.43,0.75,0.11,0.10,0.17,0.09,0.27,0.05
23,2,0.42,1.00,4.55,-0.99,0.95,2.03,0.00,0.00,1.00,1.00,-0.56,3.582e-04,-0.31,-0.70,-1.4025e-03,-0.22,-0.08,-2.438e-03,-0.39,0.15,331.66,0.46,0.81,0.15,0.08,0.15,0.06,0.22,0.03
23,3,0.58,0.91,22.94,-2.84,1.05,1.33,0.00,0.00,1.00,1.00,-1.93,-7.765e-04,0.05,0.69,1.9348e-03,-0.49,0.52,2.226e-03,-0.57,3.53,343.52,0.42,0.66,0.06,0.10,0.29,0.14,0.20,0.08
23,6,0.48,0.93,0.75,-0.24,0.78,1.35,0.00,0.00,1.00,1.00,-1.52,-4.04e-04,-0.07,-0.02,2.392e-04,-0.31,-0.80,-5.68e-04,-0.28,0.57,481.99,0.49,0.75,0.09,0.08,0.27,0.11,0.13,0.04
23,8,0.57,0.93,3.21,-0.82,0.95,1.94,0.00,0.00,1.00,1.00,-0.90,3.196e-04,-0.21,-0.31,9.67e-05,-0.30,0.13,-7.52e-04,-0.41,0.15,490.40,0.43,0.76,0.12,0.09,0.19,0.09,0.25,0.04
23,9,0.52,0.95,18.88,-1.63,1.00,2.29,0.00,0.00,1.00,1.00,-0.75,2.802e-04,-0.13,0.16,-6.247e-04,-0.36,-0.38,-0.01,-0.08,0.24,522.75,0.38,0.75,0.14,0.17,0.24,0.06,0.22,1.05e-03
23,10,0.74,0.90,1.37,-0.66,0.95,1.21,0.00,0.00,1.00,1.00,-2.11,-1.495e-03,0.12,0.34,2.9521e-03,-0.45,-0.85,1.37e-03,-0.43,15.40,326.57,0.59,0.67,0.10,0.10,0.22,0.18,0.07,0.03
23,12,0.61,0.96,1.07,-0.58,0.95,1.28,0.00,0.00,1.00,1.00,-1.05,-2.159e-04,-0.14,-1.24,-5.785e-04,-0.10,-2.45,-2.474e-03,-0.07,2.17,381.68,0.63,0.78,0.16,0.10,0.14,0.09,0.04,0.01
23,13,0.57,0.94,15.71,-1.56,0.99,2.04,0.00,0.00,1.00,1.00,-0.87,2.766e-04,-0.10,0.53,-7.332e-04,-0.43,-1.41,-0.01,0.29,0.24,522.75,0.38,0.75,0.13,0.18,0.32,0.05,0.15,1.0e-04
24,1,0.71,0.89,2.28,-1.13,0.99,2.16,0.00,0.00,1.00,1.00,-1.25,-9.75e-05,-0.11,0.12,-1.3997e-03,-0.22,1.01,-4.25e-04,-0.48,3.04,583.78,0.34,0.74,0.07,0.09,0.24,0.08,0.34,0.07
24,8,0.66,0.90,2.32,-1.16,0.99,2.16,0.00,0.00,1.00,1.00,-1.33,-1.316e-04,-0.10,0.41,-1.1519e-03,-0.29,1.18,-1.218e-03,-0.45,3.04,583.78,0.30,0.75,0.06,0.09,0.24,0.08,0.38,0.06
24,13,0.57,0.94,15.71,-1.56,0.99,2.04,0.00,0.00,1.00,1.00,-0.87,2.766e-04,-0.10,0.53,-7.332e-04,-0.43,-1.41,-0.01,0.29,0.24,522.75,0.38,0.75,0.13,0.18,0.32,0.05,0.15,1.0e-04
25,1,0.70,0.90,4.61,-1.01,0.98,1.80,0.00,0.00,1.00,1.00,-1.57,2.621e-04,-0.08,-0.83,4.997e-04,-0.23,-0.16,3.3e-05,-0.38,0.31,529.19,0.52,0.74,0.09,0.10,0.15,0.09,0.23,0.05
25,2,0.66,0.93,20.26,-1.57,1.00,2.32,0.00,0.00,1.00,1.00,-1.79,2.85e-04,-0.11,-1.28,-1.3455e-03,-0.11,-0.70,8.22e-04,-0.38,0.16,386.36,0.61,0.80,0.08,0.07,0.14,0.06,0.16,0.05
25,3,0.49,0.95,2.97,-0.95,0.98,1.67,0.00,0.00,1.00,1.00,-1.68,-1.204e-04,-6.0e-03,-0.94,7.694e-04,-0.20,-0.36,-1.0e-03,-0.31,1.51,329.11,0.54,0.71,0.10,0.12,0.14,0.10,0.20,0.05
25,6,0.53,0.92,0.55,-0.27,0.87,1.25,0.00,0.00,1.00,1.00,-1.97,-6.047e-04,-0.02,-1.42,-1.8351e-03,-0.01,-1.04,-1.387e-03,-0.20,2.87,450.40,0.62,0.80,0.08,0.07,0.14,0.07,0.14,0.04
25,7,0.67,0.84,1.26,-0.04,0.00,1.17,0.00,0.00,1.00,1.00,-1.91,-3.23e-04,0.01,-0.40,6.499e-04,-0.23,0.36,1.588e-03,-0.46,16.21,499.74,0.54,0.65,0.08,0.08,0.18,0.14,0.19,0.11
25,8,0.84,0.86,9.28,-1.29,0.99,2.02,0.00,0.00,1.00,1.00,-1.85,-4.392e-04,-0.04,-1.06,-1.517e-04,-0.17,-0.55,-6.2e-05,-0.33,0.16,499.74,0.57,0.78,0.08,0.07,0.14,0.08,0.19,0.05
25,9,0.55,0.95,18.72,-1.61,1.00,2.47,0.00,0.00,1.00,1.00,-1.23,3.359e-04,-0.08,-1.13,-1.39e-05,-0.12,-0.31,8.77e-04,-0.52,0.58,703.92,0.55,0.72,0.13,0.14,0.14,0.10,0.16,0.03
25,10,0.71,0.92,1.66,-0.85,0.98,1.38,0.00,0.00,1.00,1.00,-1.66,-6.34e-05,-0.02,-0.61,2.2315e-03,-0.27,-0.82,1.295e-03,-0.40,0.36,289.67,0.57,0.69,0.10,0.11,0.19,0.14,0.12,0.04
25,12,0.61,0.96,1.07,-0.58,0.95,1.28,0.00,0.00,1.00,1.00,-1.05,-2.159e-04,-0.14,-1.24,-5.785e-04,-0.10,-2.45,-2.474e-03,-0.07,2.17,381.68,0.63,0.78,0.16,0.10,0.14,0.09,0.04,0.01
25,13,0.59,0.94,11.79,-1.40,0.99,2.10,0.00,0.00,1.00,1.00,-1.23,2.12e-04,-0.09,-1.15,-9.56e-05,-0.12,-0.29,9.57e-04,-0.59,0.36,703.92,0.56,0.74,0.14,0.13,0.14,0.09,0.15,0.02
26,1,1.26,0.81,4.61,-1.01,0.98,1.80,0.00,0.00,1.00,1.00,-2.17,-8.013e-04,0.07,-0.55,-3.7e-04,-0.27,1.26,8.26e-04,-0.69,94.89,420.58,0.68,0.77,0.10,0.09,0.10,0.07,0.10,0.05
26,2,1.15,0.84,20.26,-1.57,1.00,2.32,0.00,0.00,1.00,1.00,-1.46,9.756e-04,-0.20,-1.97,-1.226e-04,-0.05,-0.62,7.1e-04,-0.40,11.73,479.00,0.70,0.79,0.09,0.08,0.08,0.07,0.12,0.04
26,3,0.50,0.94,2.97,-0.95,0.98,1.67,0.00,0.00,1.00,1.00,-1.70,-2.335e-04,1.74e-03,-1.71,-3.466e-04,0.02,-1.36,3.4e-05,-0.16,133.78,1100.21,0.67,0.72,0.11,0.10,0.12,0.10,0.07,0.06
26,6,0.53,0.92,0.55,-0.27,0.87,1.25,0.00,0.00,1.00,1.00,-1.97,-6.047e-04,-0.02,-1.42,-1.8351e-03,-0.01,-1.04,-1.387e-03,-0.20,2.87,450.40,0.62,0.80,0.08,0.07,0.14,0.07,0.14,0.04
26,8,1.31,0.81,9.28,-1.29,0.99,2.02,0.00,0.00,1.00,1.00,-2.30,-1.201e-04,0.02,-1.97,-4.089e-04,-0.03,-1.61,-9.21e-04,-0.11,11.73,479.00,0.72,0.79,0.07,0.08,0.09,0.07,0.10,0.04
26,9,0.80,0.88,18.72,-1.61,1.00,2.47,0.00,0.00,1.00,1.00,-1.40,-8.354e-04,-5.78e-03,-1.74,-1.1054e-03,0.03,-1.77,-8.56e-04,-0.13,33.08,393.20,0.65,0.73,0.15,0.12,0.12,0.10,0.06,0.04
26,10,2.37,0.67,1.66,-0.85,0.98,1.38,0.00,0.00,1.00,1.00,-1.42,6.32e-05,-0.04,-1.47,-2.509e-04,-7.43e-03,0.25,1.146e-03,-0.62,0.51,838.11,0.52,0.70,0.11,0.12,0.11,0.12,0.23,0.03
26,13,0.95,0.85,11.79,-1.40,0.99,2.10,0.00,0.00,1.00,1.00,-1.85,-5.552e-04,0.07,-2.06,-1.233e-03,0.09,-2.21,-1.741e-03,-0.01,33.08,393.20,0.67,0.71,0.13,0.14,0.11,0.10,0.06,0.03
27,1,1.26,0.81,4.61,-1.01,0.98,1.80,0.00,0.00,1.00,1.00,-2.17,-8.013e-04,0.07,-0.55,-3.7e-04,-0.27,1.26,8.26e-04,-0.69,94.89,420.58,0.68,0.77,0.10,0.09,0.10,0.07,0.10,0.05
27,2,1.15,0.84,20.26,-1.57,1.00,2.32,0.00,0.00,1.00,1.00,-1.46,9.756e-04,-0.20,-1.97,-1.226e-04,-0.05,-0.62,7.1e-04,-0.40,11.73,479.00,0.70,0.79,0.09,0.08,0.08,0.07,0.12,0.04
27,3,0.50,0.94,2.97,-0.95,0.98,1.67,0.00,0.00,1.00,1.00,-1.70,-2.335e-04,1.74e-03,-1.71,-3.466e-04,0.02,-1.36,3.4e-05,-0.16,133.78,1100.21,0.67,0.72,0.11,0.10,0.12,0.10,0.07,0.06
27,6,0.53,0.92,0.55,-0.27,0.87,1.25,0.00,0.00,1.00,1.00,-1.97,-6.047e-04,-0.02,-1.42,-1.8351e-03,-0.01,-1.04,-1.387e-03,-0.20,2.87,450.40,0.62,0.80,0.08,0.07,0.14,0.07,0.14,0.04
27,8,1.31,0.81,9.28,-1.29,0.99,2.02,0.00,0.00,1.00,1.00,-2.30,-1.201e-04,0.02,-1.97,-4.089e-04,-0.03,-1.61,-9.21e-04,-0.11,11.73,479.00,0.72,0.79,0.07,0.08,0.09,0.07,0.10,0.04
27,9,0.80,0.88,18.72,-1.61,1.00,2.47,0.00,0.00,1.00,1.00,-1.40,-8.354e-04,-5.78e-03,-1.74,-1.1054e-03,0.03,-1.77,-8.56e-04,-0.13,33.08,393.20,0.65,0.73,0.15,0.12,0.12,0.10,0.06,0.04
27,10,2.37,0.67,1.66,-0.85,0.98,1.38,0.00,0.00,1.00,1.00,-1.42,6.32e-05,-0.04,-1.47,-2.509e-04,-7.43e-03,0.25,1.146e-03,-0.62,0.51,838.11,0.52,0.70,0.11,0.12,0.11,0.12,0.23,0.03
27,13,0.95,0.85,11.79,-1.40,0.99,2.10,0.00,0.00,1.00,1.00,-1.85,-5.552e-04,0.07,-2.06,-1.233e-03,0.09,-2.21,-1.741e-03,-0.01,33.08,393.20,0.67,0.71,0.13,0.14,0.11,0.10,0.06,0.03
28,1,0.45,0.97,4.09,-0.86,0.95,2.06,0.00,0.00,1.00,1.00,-1.22,1.343e-04,-0.11,-0.17,3.413e-04,-0.30,1.51,9.16e-04,-0.69,0.10,1725.57,0.31,0.70,0.07,0.10,0.15,0.10,0.45,0.08
28,2,0.59,0.95,4.55,-0.99,0.95,2.03,0.00,0.00,1.00,1.00,-0.37,2.844e-04,-0.37,-0.04,7.94e-04,-0.47,1.06,9.96e-04,-0.76,4.96,532.58,0.47,0.84,0.13,0.06,0.15,0.06,0.23,0.03
28,3,0.50,0.94,22.94,-2.84,1.05,1.33,0.00,0.00,1.00,1.00,-1.70,-2.335e-04,1.74e-03,-1.71,-3.466e-04,0.02,-1.36,3.4e-05,-0.16,133.78,1100.21,0.67,0.72,0.11,0.10,0.12,0.10,0.07,0.06
28,6,0.48,0.93,0.75,-0.24,0.78,1.35,0.00,0.00,1.00,1.00,-1.52,-4.04e-04,-0.07,-0.02,2.392e-04,-0.31,-0.80,-5.68e-04,-0.28,0.57,481.99,0.49,0.75,0.09,0.08,0.27,0.11,0.13,0.04
28,8,0.61,0.92,3.21,-0.82,0.95,1.94,0.00,0.00,1.00,1.00,-1.49,2.165e-04,-0.09,-1.20,2.463e-04,-0.13,0.14,6.9e-04,-0.45,0.10,1635.78,0.50,0.69,0.09,0.10,0.12,0.11,0.28,0.08
28,9,0.44,0.98,18.88,-1.63,1.00,2.29,0.00,0.00,1.00,1.00,-0.59,2.223e-04,-0.15,-1.27,3.455e-04,-0.17,-1.12,7.73e-04,-0.44,0.25,1739.77,0.55,0.69,0.23,0.17,0.11,0.09,0.08,0.03
28,10,0.61,0.94,1.37,-0.66,0.95,1.21,0.00,0.00,1.00,1.00,-1.42,6.32e-05,-0.04,-1.47,-2.509e-04,-7.43e-03,0.25,1.146e-03,-0.62,0.51,838.11,0.52,0.70,0.11,0.12,0.11,0.12,0.23,0.03
28,13,0.47,0.97,15.71,-1.56,0.99,2.04,0.00,0.00,1.00,1.00,-0.74,1.428e-04,-0.11,-1.05,5.541e-04,-0.24,-0.37,1.145e-03,-0.65,0.27,1739.77,0.53,0.69,0.21,0.17,0.12,0.10,0.12,0.02
29,1,0.45,0.97,2.28,-1.13,0.99,2.16,0.00,0.00,1.00,1.00,-1.22,1.343e-04,-0.11,-0.17,3.413e-04,-0.30,1.51,9.16e-04,-0.69,0.10,1725.57,0.31,0.70,0.07,0.10,0.15,0.10,0.45,0.08
29,2,0.59,0.95,4.55,-0.99,0.95,2.03,0.00,0.00,1.00,1.00,-0.37,2.844e-04,-0.37,-0.04,7.94e-04,-0.47,1.06,9.96e-04,-0.76,4.96,532.58,0.47,0.84,0.13,0.06,0.15,0.06,0.23,0.03
29,3,0.50,0.94,22.94,-2.84,1.05,1.33,0.00,0.00,1.00,1.00,-1.70,-2.335e-04,1.74e-03,-1.71,-3.466e-04,0.02,-1.36,3.4e-05,-0.16,133.78,1100.21,0.67,0.72,0.11,0.10,0.12,0.10,0.07,0.06
29,6,0.48,0.93,0.75,-0.24,0.78,1.35,0.00,0.00,1.00,1.00,-1.52,-4.04e-04,-0.07,-0.02,2.392e-04,-0.31,-0.80,-5.68e-04,-0.28,0.57,481.99,0.49,0.75,0.09,0.08,0.27,0.11,0.13,0.04
29,8,0.61,0.92,2.32,-1.16,0.99,2.16,0.00,0.00,1.00,1.00,-1.49,2.165e-04,-0.09,-1.20,2.463e-04,-0.13,0.14,6.9e-04,-0.45,0.10,1635.78,0.50,0.69,0.09,0.10,0.12,0.11,0.28,0.08
29,9,0.44,0.98,18.88,-1.63,1.00,2.29,0.00,0.00,1.00,1.00,-0.59,2.223e-04,-0.15,-1.27,3.455e-04,-0.17,-1.12,7.73e-04,-0.44,0.25,1739.77,0.55,0.69,0.23,0.17,0.11,0.09,0.08,0.03
29,10,0.61,0.94,1.37,-0.66,0.95,1.21,0.00,0.00,1.00,1.00,-1.42,6.32e-05,-0.04,-1.47,-2.509e-04,-7.43e-03,0.25,1.146e-03,-0.62,0.51,838.11,0.52,0.70,0.11,0.12,0.11,0.12,0.23,0.03
29,13,0.47,0.97,15.71,-1.56,0.99,2.04,0.00,0.00,1.00,1.00,-0.74,1.428e-04,-0.11,-1.05,5.541e-04,-0.24,-0.37,1.145e-03,-0.65,0.27,1739.77,0.53,0.69,0.21,0.17,0.12,0.10,0.12,0.02
30,1,0.45,0.97,2.28,-1.13,0.99,2.16,0.00,0.00,1.00,1.00,-1.22,1.343e-04,-0.11,-0.17,3.413e-04,-0.30,1.51,9.16e-04,-0.69,0.10,1725.57,0.31,0.70,0.07,0.10,0.15,0.10,0.45,0.08
30,2,0.59,0.95,4.55,-0.99,0.95,2.03,0.00,0.00,1.00,1.00,-0.37,2.844e-04,-0.37,-0.04,7.94e-04,-0.47,1.06,9.96e-04,-0.76,4.96,532.58,0.47,0.84,0.13,0.06,0.15,0.06,0.23,0.03
30,3,0.50,0.94,22.94,-2.84,1.05,1.33,0.00,0.00,1.00,1.00,-1.70,-2.335e-04,1.74e-03,-1.71,-3.466e-04,0.02,-1.36,3.4e-05,-0.16,133.78,1100.21,0.67,0.72,0.11,0.10,0.12,0.10,0.07,0.06
30,6,0.48,0.93,0.75,-0.24,0.78,1.35,0.00,0.00,1.00,1.00,-1.52,-4.04e-04,-0.07,-0.02,2.392e-04,-0.31,-0.80,-5.68e-04,-0.28,0.57,481.99,0.49,0.75,0.09,0.08,0.27,0.11,0.13,0.04
30,8,0.61,0.92,2.32,-1.16,0.99,2.16,0.00,0.00,1.00,1.00,-1.49,2.165e-04,-0.09,-1.20,2.463e-04,-0.13,0.14,6.9e-04,-0.45,0.10,1635.78,0.50,0.69,0.09,0.10,0.12,0.11,0.28,0.08
30,9,0.44,0.98,18.88,-1.63,1.00,2.29,0.00,0.00,1.00,1.00,-0.59,2.223e-04,-0.15,-1.27,3.455e-04,-0.17,-1.12,7.73e-04,-0.44,0.25,1739.77,0.55,0.69,0.23,0.17,0.11,0.09,0.08,0.03
30,10,0.61,0.94,1.37,-0.66,0.95,1.21,0.00,0.00,1.00,1.00,-1.42,6.32e-05,-0.04,-1.47,-2.509e-04,-7.43e-03,0.25,1.146e-03,-0.62,0.51,838.11,0.52,0.70,0.11,0.12,0.11,0.12,0.23,0.03
30,13,0.47,0.97,15.71,-1.56,0.99,2.04,0.00,0.00,1.00,1.00,-0.74,1.428e-04,-0.11,-1.05,5.541e-04,-0.24,-0.37,1.145e-03,-0.65,0.27,1739.77,0.53,0.69,0.21,0.17,0.12,0.10,0.12,0.02
31,1,0.93,0.84,2.40,-0.26,0.38,2.36,100.00,-2.17,0.99,4.09,-1.94,-6.437e-04,0.03,-2.93,-2.4884e-03,0.17,-1.41,-1.16e-04,-0.16,0.21,509.04,0.71,0.79,0.10,0.10,0.05,0.03,0.13,0.06
31,2,1.21,0.82,100.00,-1.44,0.90,1.35,100.00,-1.61,0.97,1.51,3.06,6.3935e-03,-1.23,-3.27,-4.3885e-03,0.35,-0.26,2.275e-03,-0.55,82.95,322.91,0.74,0.78,0.10,0.10,0.09,0.05,0.05,0.05
31,3,0.39,0.99,1.35,-0.05,0.00,1.28,26.22,-1.78,0.99,1.11,-1.15,7.395e-04,-0.17,0.55,5.295e-04,-0.40,-0.33,-6.0e-05,-0.31,7.78,423.80,0.46,0.69,0.09,0.10,0.29,0.12,0.15,0.07
31,6,0.58,0.95,2.42,-0.52,0.94,2.01,2.78,-2.10,1.10,1.20,-1.11,3.2119e-03,-0.25,-0.60,-1.0206e-03,-0.18,-1.24,-1.997e-03,-0.23,1.68,199.54,0.56,0.71,0.11,0.11,0.21,0.12,0.10,0.04
31,8,1.13,0.81,2.35,-0.28,0.45,2.36,0.00,0.00,1.00,1.00,-1.91,-2.66e-04,-1.74e-03,-2.73,-2.5689e-03,0.14,-1.72,6.3e-05,-0.11,0.21,509.04,0.72,0.79,0.10,0.10,0.05,0.03,0.10,0.06
31,9,0.59,0.93,20.76,-0.94,0.80,2.66,100.00,-1.41,0.87,1.56,-1.25,7.66e-05,-0.07,-6.44,-3.049e-03,0.89,-4.99,-3.045e-03,0.47,28.24,451.74,0.77,0.76,0.17,0.14,0.02,0.07,0.02,0.02
31,10,0.74,0.92,24.78,-0.77,0.26,2.91,100.00,-1.01,0.06,1.90,-1.72,-1.3644e-03,0.02,-3.44,-8.7834e-03,0.60,-2.33,5.521e-03,-0.22,20.68,154.95,0.69,0.70,0.12,0.11,0.13,0.12,0.03,0.05
31,13,0.57,0.93,20.51,-0.93,0.77,2.66,0.00,0.00,1.00,1.00,-1.51,-1.543e-04,-4.31e-03,-7.61,-3.3172e-03,1.14,-4.44,-3.085e-03,0.33,28.24,451.74,0.78,0.74,0.16,0.14,0.01,0.09,0.02,0.01
32,1,0.57,0.94,13.44,-0.64,0.51,5.21,7.99,-0.93,0.94,1.37,-1.11,5.742e-04,-0.17,-1.35,-9.235e-04,-0.03,-0.28,-1.442e-03,-0.29,0.76,658.35,0.51,0.76,0.12,0.11,0.12,0.08,0.23,0.03
32,2,0.61,0.94,23.18,-0.85,0.74,7.31,100.00,-1.61,0.97,1.51,-1.76,-1.099e-04,-0.08,-1.95,-6.137e-04,-0.01,-1.98,-1.572e-03,-0.05,0.52,643.08,0.70,0.82,0.10,0.07,0.09,0.06,0.08,0.02
32,3,0.39,0.99,1.35,-0.05,0.00,1.28,26.22,-1.78,0.99,1.11,-1.15,7.395e-04,-0.17,0.55,5.295e-04,-0.40,-0.33,-6.0e-05,-0.31,7.78,423.80,0.46,0.69,0.09,0.10,0.29,0.12,0.15,0.07
32,6,0.58,0.95,2.42,-0.52,0.94,2.01,2.78,-2.10,1.10,1.20,-1.11,3.2119e-03,-0.25,-0.60,-1.0206e-03,-0.18,-1.24,-1.997e-03,-0.23,1.68,199.54,0.56,0.71,0.11,0.11,0.21,0.12,0.10,0.04
32,8,0.61,0.94,15.28,-0.72,0.65,5.67,0.00,0.00,1.00,1.00,-1.53,3.56e-05,-0.12,-1.56,-5.977e-04,-0.06,-1.32,-1.265e-03,-0.15,0.52,658.35,0.63,0.80,0.11,0.08,0.12,0.07,0.13,0.03
32,9,0.48,0.97,8.19,-0.66,0.73,3.97,26.62,-1.23,0.95,1.76,-1.18,-6.321e-04,-0.02,-3.08,-1.1771e-03,0.26,-2.11,1.172e-03,-0.29,0.66,802.90,0.69,0.76,0.20,0.11,0.05,0.08,0.05,0.03
32,10,0.74,0.92,24.78,-0.77,0.26,2.91,100.00,-1.01,0.06,1.90,-1.72,-1.3644e-03,0.02,-3.44,-8.7834e-03,0.60,-2.33,5.521e-03,-0.22,20.68,154.95,0.69,0.70,0.12,0.11,0.13,0.12,0.03,0.05
32,13,0.45,0.99,9.16,-0.66,0.67,4.47,0.00,0.00,1.00,1.00,-1.15,-2.116e-04,-0.03,-2.89,-8.582e-04,0.20,-2.47,-1.22e-04,-0.22,0.66,625.99,0.69,0.73,0.20,0.15,0.05,0.09,0.04,0.01
33,1,0.57,0.94,13.44,-0.64,0.51,5.21,7.99,-0.93,0.94,1.37,-1.11,5.742e-04,-0.17,-1.35,-9.235e-04,-0.03,-0.28,-1.442e-03,-0.29,0.76,658.35,0.51,0.76,0.12,0.11,0.12,0.08,0.23,0.03
33,2,0.61,0.94,23.18,-0.85,0.74,7.31,100.00,-1.61,0.97,1.51,-1.76,-1.099e-04,-0.08,-1.95,-6.137e-04,-0.01,-1.98,-1.572e-03,-0.05,0.52,643.08,0.70,0.82,0.10,0.07,0.09,0.06,0.08,0.02
33,3,0.39,0.99,1.35,-0.05,0.00,1.28,26.22,-1.78,0.99,1.11,-1.15,7.395e-04,-0.17,0.55,5.295e-04,-0.40,-0.33,-6.0e-05,-0.31,7.78,423.80,0.46,0.69,0.09,0.10,0.29,0.12,0.15,0.07
33,6,0.58,0.95,2.42,-0.52,0.94,2.01,2.78,-2.10,1.10,1.20,-1.11,3.2119e-03,-0.25,-0.60,-1.0206e-03,-0.18,-1.24,-1.997e-03,-0.23,1.68,199.54,0.56,0.71,0.11,0.11,0.21,0.12,0.10,0.04
33,8,0.61,0.94,15.28,-0.72,0.65,5.67,0.00,0.00,1.00,1.00,-1.53,3.56e-05,-0.12,-1.56,-5.977e-04,-0.06,-1.32,-1.265e-03,-0.15,0.52,658.35,0.63,0.80,0.11,0.08,0.12,0.07,0.13,0.03
33,9,0.48,0.97,8.19,-0.66,0.73,3.97,26.62,-1.23,0.95,1.76,-1.18,-6.321e-04,-0.02,-3.08,-1.1771e-03,0.26,-2.11,1.172e-03,-0.29,0.66,802.90,0.69,0.76,0.20,0.11,0.05,0.08,0.05,0.03
33,10,0.74,0.92,24.78,-0.77,0.26,2.91,100.00,-1.01,0.06,1.90,-1.72,-1.3644e-03,0.02,-3.44,-8.7834e-03,0.60,-2.33,5.521e-03,-0.22,20.68,154.95,0.69,0.70,0.12,0.11,0.13,0.12,0.03,0.05
33,13,0.45,0.99,9.16,-0.66,0.67,4.47,0.00,0.00,1.00,1.00,-1.15,-2.116e-04,-0.03,-2.89,-8.582e-04,0.20,-2.47,-1.22e-04,-0.22,0.66,625.99,0.69,0.73,0.20,0.15,0.05,0.09,0.04,0.01
34,1,0.57,0.94,13.44,-0.64,0.51,5.21,7.99,-0.93,0.94,1.37,-1.11,5.742e-04,-0.17,-1.35,-9.235e-04,-0.03,-0.28,-1.442e-03,-0.29,0.76,658.35,0.51,0.76,0.12,0.11,0.12,0.08,0.23,0.03
34,2,0.61,0.94,23.18,-0.85,0.74,7.31,100.00,-1.61,0.97,1.51,-1.76,-1.099e-04,-0.08,-1.95,-6.137e-04,-0.01,-1.98,-1.572e-03,-0.05,0.52,643.08,0.70,0.82,0.10,0.07,0.09,0.06,0.08,0.02
34,3,0.39,0.99,1.35,-0.05,0.00,1.28,26.22,-1.78,0.99,1.11,-1.15,7.395e-04,-0.17,0.55,5.295e-04,-0.40,-0.33,-6.0e-05,-0.31,7.78,423.80,0.46,0.69,0.09,0.10,0.29,0.12,0.15,0.07
34,6,0.58,0.95,2.42,-0.52,0.94,2.01,2.78,-2.10,1.10,1.20,-1.11,3.2119e-03,-0.25,-0.60,-1.0206e-03,-0.18,-1.24,-1.997e-03,-0.23,1.68,199.54,0.56,0.71,0.11,0.11,0.21,0.12,0.10,0.04
34,8,0.61,0.94,15.28,-0.72,0.65,5.67,225.27,-1.91,0.99,1.52,-1.53,3.56e-05,-0.12,-1.56,-5.977e-04,-0.06,-1.32,-1.265e-03,-0.15,0.52,658.35,0.63,0.80,0.11,0.08,0.12,0.07,0.13,0.03
34,9,0.48,0.97,8.19,-0.66,0.73,3.97,26.62,-1.23,0.95,1.76,-1.18,-6.321e-04,-0.02,-3.08,-1.1771e-03,0.26,-2.11,1.172e-03,-0.29,0.66,802.90,0.69,0.76,0.20,0.11,0.05,0.08,0.05,0.03
34,10,0.74,0.92,24.78,-0.77,0.26,2.91,100.00,-1.01,0.06,1.90,-1.72,-1.3644e-03,0.02,-3.44,-8.7834e-03,0.60,-2.33,5.521e-03,-0.22,20.68,154.95,0.69,0.70,0.12,0.11,0.13,0.12,0.03,0.05
34,13,0.45,0.99,9.16,-0.66,0.67,4.47,100.00,-1.01,0.06,1.90,-1.15,-2.116e-04,-0.03,-2.89,-8.582e-04,0.20,-2.47,-1.22e-04,-0.22,0.66,625.99,0.69,0.73,0.20,0.15,0.05,0.09,0.04,0.01
35,1,0.57,0.94,13.44,-0.64,0.51,5.21,7.99,-0.93,0.94,1.37,-1.11,5.742e-04,-0.17,-1.35,-9.235e-04,-0.03,-0.28,-1.442e-03,-0.29,0.76,658.35,0.51,0.76,0.12,0.11,0.12,0.08,0.23,0.03
35,2,0.61,0.94,23.18,-0.85,0.74,7.31,100.00,-1.61,0.97,1.51,-1.76,-1.099e-04,-0.08,-1.95,-6.137e-04,-0.01,-1.98,-1.572e-03,-0.05,0.52,643.08,0.70,0.82,0.10,0.07,0.09,0.06,0.08,0.02
35,3,0.39,0.99,1.35,-0.05,0.00,1.28,26.22,-1.78,0.99,1.11,-1.15,7.395e-04,-0.17,0.55,5.295e-04,-0.40,-0.33,-6.0e-05,-0.31,7.78,423.80,0.46,0.69,0.09,0.10,0.29,0.12,0.15,0.07
35,6,0.58,0.95,2.42,-0.52,0.94,2.01,2.78,-2.10,1.10,1.20,-1.11,3.2119e-03,-0.25,-0.60,-1.0206e-03,-0.18,-1.24,-1.997e-03,-0.23,1.68,199.54,0.56,0.71,0.11,0.11,0.21,0.12,0.10,0.04
35,8,0.61,0.94,15.28,-0.72,0.65,5.67,225.27,-1.91,0.99,1.52,-1.53,3.56e-05,-0.12,-1.56,-5.977e-04,-0.06,-1.32,-1.265e-03,-0.15,0.52,658.35,0.63,0.80,0.11,0.08,0.12,0.07,0.13,0.03
35,9,0.48,0.97,8.19,-0.66,0.73,3.97,26.62,-1.23,0.95,1.76,-1.18,-6.321e-04,-0.02,-3.08,-1.1771e-03,0.26,-2.11,1.172e-03,-0.29,0.66,802.90,0.69,0.76,0.20,0.11,0.05,0.08,0.05,0.03
35,10,0.74,0.92,24.78,-0.77,0.26,2.91,100.00,-1.01,0.06,1.90,-1.72,-1.3644e-03,0.02,-3.44,-8.7834e-03,0.60,-2.33,5.521e-03,-0.22,20.68,154.95,0.69,0.70,0.12,0.11,0.13,0.12,0.03,0.05
35,13,0.45,0.99,9.16,-0.66,0.67,4.47,100.00,-1.01,0.06,1.90,-1.15,-2.116e-04,-0.03,-2.89,-8.582e-04,0.20,-2.47,-1.22e-04,-0.22,0.66,625.99,0.69,0.73,0.20,0.15,0.05,0.09,0.04,0.01
36,1,0.93,0.84,95.02,-1.43,0.94,1.39,100.00,-1.62,0.97,1.11,0.73,9.85e-04,-0.53,1.95,2.8514e-03,-0.74,2.01,2.442e-03,-0.82,91.52,589.00,0.58,0.62,0.11,0.07,0.17,0.20,0.12,0.10
36,2,0.59,0.94,14.30,-0.62,0.39,5.41,10.04,-0.72,0.72,1.60,-1.62,3.71e-05,-0.10,-0.96,5.28e-03,-0.49,-1.16,2.801e-03,-0.37,4.31,377.90,0.70,0.74,0.10,0.07,0.09,0.10,0.09,0.07
36,3,0.39,0.99,1.35,-0.05,0.00,1.28,26.22,-1.78,0.99,1.11,-1.15,7.395e-04,-0.17,0.55,5.295e-04,-0.40,-0.33,-6.0e-05,-0.31,7.78,423.80,0.46,0.69,0.09,0.10,0.29,0.12,0.15,0.07
36,5,0.73,0.91,4.69,-0.62,0.82,1.19,100.00,-1.68,0.98,1.06,-2.40,-6.387e-04,0.16,0.70,1.0978e-03,-0.40,4.42,3.629e-03,-1.26,127.45,477.88,0.55,0.59,0.10,0.11,0.18,0.17,0.15,0.11
36,8,0.77,0.89,14.86,-0.65,0.46,5.42,16.70,-0.91,0.82,1.60,-1.72,7.567e-04,-0.09,-3.39,2.3399e-03,0.16,-2.33,1.778e-03,-0.05,4.31,589.00,0.78,0.58,0.11,0.08,0.03,0.21,0.06,0.11
36,9,0.22,1.10,31.61,-0.92,0.50,4.86,2.00,-0.28,0.49,1.22,-1.83,-7.772e-04,0.09,-3.67,-3.197e-03,0.52,-3.34,-3.426e-03,0.18,20.35,362.80,0.71,0.70,0.15,0.14,0.09,0.12,0.04,0.02
36,13,0.22,1.10,31.61,-0.92,0.50,4.86,100.00,-1.01,0.06,1.90,-1.83,-7.772e-04,0.09,-3.67,-3.197e-03,0.52,-3.34,-3.426e-03,0.18,20.35,362.80,0.71,0.70,0.15,0.14,0.09,0.12,0.04,0.02
37,1,0.57,0.94,13.44,-0.64,0.51,5.21,7.99,-0.93,0.94,1.37,-1.11,5.742e-04,-0.17,-1.35,-9.235e-04,-0.03,-0.28,-1.442e-03,-0.29,0.76,658.35,0.51,0.76,0.12,0.11,0.12,0.08,0.23,0.03
37,2,0.61,0.94,23.18,-0.85,0.74,7.31,100.00,-1.61,0.97,1.51,-1.76,-1.099e-04,-0.08,-1.95,-6.137e-04,-0.01,-1.98,-1.572e-03,-0.05,0.52,643.08,0.70,0.82,0.10,0.07,0.09,0.06,0.08,0.02
37,3,0.39,0.99,1.35,-0.05,0.00,1.28,26.22,-1.78,0.99,1.11,-1.15,7.395e-04,-0.17,0.55,5.295e-04,-0.40,-0.33,-6.0e-05,-0.31,7.78,423.80,0.46,0.69,0.09,0.10,0.29,0.12,0.15,0.07
37,6,0.58,0.95,2.42,-0.52,0.94,2.01,2.78,-2.10,1.10,1.20,-1.11,3.2119e-03,-0.25,-0.60,-1.0206e-03,-0.18,-1.24,-1.997e-03,-0.23,1.68,199.54,0.56,0.71,0.11,0.11,0.21,0.12,0.10,0.04
37,8,0.61,0.94,15.28,-0.72,0.65,5.67,225.27,-1.91,0.99,1.52,-1.53,3.56e-05,-0.12,-1.56,-5.977e-04,-0.06,-1.32,-1.265e-03,-0.15,0.52,658.35,0.63,0.80,0.11,0.08,0.12,0.07,0.13,0.03
37,9,0.48,0.97,8.19,-0.66,0.73,3.97,26.62,-1.23,0.95,1.76,-1.18,-6.321e-04,-0.02,-3.08,-1.1771e-03,0.26,-2.11,1.172e-03,-0.29,0.66,802.90,0.69,0.76,0.20,0.11,0.05,0.08,0.05,0.03
37,10,0.74,0.92,24.78,-0.77,0.26,2.91,100.00,-1.01,0.06,1.90,-1.72,-1.3644e-03,0.02,-3.44,-8.7834e-03,0.60,-2.33,5.521e-03,-0.22,20.68,154.95,0.69,0.70,0.12,0.11,0.13,0.12,0.03,0.05
37,13,0.45,0.99,9.16,-0.66,0.67,4.47,100.00,-1.01,0.06,1.90,-1.15,-2.116e-04,-0.03,-2.89,-8.582e-04,0.20,-2.47,-1.22e-04,-0.22,0.66,625.99,0.69,0.73,0.20,0.15,0.05,0.09,0.04,0.01
38,1,0.92,0.86,100.00,-1.41,1.03,8.20,100.00,-2.83,1.00,1.01,-1.64,-2.122e-04,-0.03,-2.33,-6.313e-04,1.06e-03,-1.60,-1.11e-04,-0.12,0.60,1528.43,0.69,0.82,0.12,0.09,0.06,0.03,0.11,0.05
38,2,1.11,0.85,20.60,-0.58,0.00,5.56,0.91,-4.78e-03,0.00,1.00,-1.66,-7.94e-06,-0.08,-1.76,-2.854e-04,-0.08,-1.33,-2.8e-04,-0.21,1.66,1124.75,0.67,0.82,0.10,0.08,0.09,0.05,0.11,0.03
38,3,0.49,0.97,11.17,-0.81,0.90,4.77,1.58,-0.50,0.80,1.00,-0.89,5.342e-04,-0.19,-1.12,-1.7262e-03,0.01,-1.17,-1.814e-03,-0.04,39.64,530.97,0.56,0.72,0.11,0.11,0.18,0.10,0.13,0.06
38,6,0.74,0.91,5.04,-0.50,0.50,1.54,0.84,-0.50,0.80,1.07,-2.44,-8.76e-05,0.08,-1.27,-1.658e-04,-0.08,-1.89,-1.0e-04,-0.11,1.49,1469.28,0.68,0.76,0.06,0.10,0.16,0.09,0.08,0.04
38,8,1.12,0.83,100.00,-1.38,1.06,9.05,0.00,0.00,1.00,1.00,-1.53,-1.075e-04,-0.07,-2.46,-9.811e-04,0.05,-1.62,-5.8e-05,-0.12,0.83,1509.40,0.69,0.82,0.13,0.08,0.06,0.02,0.10,0.06
38,9,1.21,0.83,11.16,-0.48,0.11,5.35,0.36,-0.59,0.98,1.04,-1.41,-1.131e-04,-0.02,-2.12,3.49e-06,-0.05,-2.14,-9.3e-05,-0.21,0.48,2113.04,0.70,0.79,0.16,0.12,0.07,0.06,0.05,0.01
38,10,1.55,0.82,93.84,-1.26,0.92,6.83,1.09,-0.01,0.00,1.02,-1.59,-8.6e-06,-0.03,-1.97,-9.491e-04,0.08,-2.05,-2.67e-04,-0.15,0.51,787.00,0.69,0.76,0.13,0.12,0.10,0.08,0.06,0.02
38,13,1.52,0.80,24.74,-0.79,0.61,5.97,0.00,0.00,1.00,1.00,-1.61,-1.178e-04,0.01,-1.79,-2.259e-04,-0.07,-2.03,-5.22e-04,-0.21,0.48,2000.14,0.69,0.80,0.14,0.13,0.10,0.04,0.06,7.13e-03
39,1,0.69,0.91,35.13,-1.02,0.89,7.16,3.77,-1.28,0.99,1.02,-1.80,-1.22e-04,-0.02,-0.65,-3.522e-04,-0.16,-0.24,-2.64e-04,-0.33,3.09,1542.23,0.52,0.80,0.08,0.09,0.19,0.06,0.20,0.03
39,2,0.79,0.91,19.21,-0.83,0.76,4.28,0.53,-0.79,0.99,1.02,-1.79,-3.55e-05,-0.06,-0.94,-3.31e-04,-0.17,-0.76,-4.2e-04,-0.29,1.55,1200.01,0.59,0.82,0.08,0.08,0.16,0.06,0.15,0.02
39,3,0.49,0.96,11.17,-0.81,0.90,4.77,0.14,-0.49,0.98,1.06,-1.37,-1.628e-04,-0.05,0.66,-3.999e-04,-0.30,0.35,-4.66e-04,-0.32,8.42,944.80,0.37,0.71,0.07,0.10,0.32,0.11,0.22,0.06
39,6,0.74,0.91,5.75,-0.29,0.00,3.63,4.51,-2.06,1.00,1.01,-2.44,-8.76e-05,0.08,-1.27,-1.658e-04,-0.08,-1.89,-1.0e-04,-0.11,1.49,1469.28,0.68,0.76,0.06,0.10,0.16,0.09,0.08,0.04
39,8,0.88,0.88,19.26,-0.75,0.62,4.99,0.00,0.00,1.00,1.00,-1.65,1.072e-04,-0.09,-0.53,-7.97e-05,-0.23,-0.31,-1.4e-04,-0.34,1.55,1542.23,0.52,0.79,0.08,0.09,0.19,0.07,0.19,0.03
39,9,0.90,0.89,59.21,-1.27,0.93,4.98,100.00,-2.23,0.99,1.01,-1.02,-1.301e-04,-0.06,-2.09,-6.143e-04,0.05,-2.30,-3.59e-04,-0.17,0.19,1374.28,0.65,0.77,0.21,0.14,0.08,0.06,0.04,0.01
39,10,1.76,0.79,93.84,-1.26,0.92,6.83,1.09,-0.01,0.00,1.02,-1.30,6.973e-04,-0.11,-1.71,-7.296e-04,0.07,-2.68,-1.811e-03,0.01,2.84,451.96,0.66,0.70,0.14,0.13,0.13,0.14,0.04,0.02
39,13,0.93,0.88,100.00,-1.44,0.97,5.66,0.00,0.00,1.00,1.00,-1.12,-9.5e-05,-0.04,-1.88,-6.211e-04,0.01,-2.43,-8.12e-04,-0.15,0.19,1374.28,0.65,0.77,0.19,0.16,0.10,0.05,0.04,7.11e-03
40,1,0.55,0.95,100.00,-1.57,1.23,10.24,0.08,-0.07,0.94,1.00,-1.44,-2.369e-04,-0.06,-1.04,-7.555e-04,-0.07,-0.81,-7.54e-04,-0.18,0.79,1325.55,0.54,0.81,0.11,0.09,0.16,0.06,0.17,0.03
40,2,0.62,0.94,13.53,-0.86,1.03,3.94,0.53,-0.97,0.99,1.02,-1.90,-2.504e-04,-0.03,-1.96,-9.302e-04,0.05,-1.60,-6.44e-04,-0.12,0.20,1366.02,0.68,0.85,0.09,0.06,0.10,0.04,0.11,0.02
40,3,0.49,0.96,11.17,-0.81,0.90,4.77,0.14,-0.49,0.98,1.06,-1.37,-1.628e-04,-0.05,0.66,-3.999e-04,-0.30,0.35,-4.66e-04,-0.32,8.42,944.80,0.37,0.71,0.07,0.10,0.32,0.11,0.22,0.06
40,6,0.74,0.91,5.75,-0.29,0.00,3.63,4.51,-2.06,1.00,1.01,-2.44,-8.76e-05,0.08,-1.27,-1.658e-04,-0.08,-1.89,-1.0e-04,-0.11,1.49,1469.28,0.68,0.76,0.06,0.10,0.16,0.09,0.08,0.04
40,8,0.58,0.95,39.38,-1.24,1.13,5.99,0.00,0.00,1.00,1.00,-1.57,-2.332e-04,-0.05,-1.10,-8.366e-04,-0.05,-0.91,-7.3e-04,-0.17,0.20,1366.02,0.55,0.82,0.10,0.08,0.16,0.05,0.16,0.03
40,9,0.99,0.87,15.23,-0.59,0.27,2.82,100.00,-1.98,0.99,1.02,-1.49,-3.52e-04,-0.02,-2.09,-6.986e-04,0.06,-2.47,-4.82e-04,-0.09,0.53,926.15,0.70,0.79,0.15,0.10,0.09,0.07,0.05,0.02
40,10,1.31,0.85,93.84,-1.26,0.92,6.83,0.89,-0.01,0.17,1.02,-1.42,2.033e-04,-0.07,-0.43,9.824e-04,-0.30,-0.21,2.745e-03,-0.64,18.05,550.61,0.64,0.72,0.12,0.11,0.16,0.11,0.07,0.04
40,13,1.16,0.85,15.15,-0.61,0.40,2.82,0.00,0.00,1.00,1.00,-1.53,-3.84e-04,-8.77e-03,-2.11,-4.935e-04,0.05,-2.65,-6.9e-04,-0.09,0.53,898.22,0.71,0.78,0.15,0.11,0.09,0.08,0.04,0.01
41,1,0.42,0.98,5.94,-0.67,0.93,2.99,0.03,-0.20,0.99,1.00,-1.61,-7.96e-05,-0.04,0.24,7.26e-05,-0.31,-0.72,-2.2e-04,-0.19,1.15,5467.20,0.44,0.80,0.08,0.07,0.31,0.09,0.15,0.02
41,2,1.11,0.86,100.00,-1.99,1.15,2.60,100.00,-3.01,1.00,1.01,-1.70,3.64e-05,-0.08,-1.02,2.313e-04,-0.17,-1.09,1.56e-04,-0.24,0.92,1444.60,0.61,0.76,0.09,0.07,0.16,0.10,0.13,0.05
41,3,0.50,0.93,24.80,-0.96,0.94,8.81,2.11,-1.56,0.99,1.02,-1.58,3.74e-05,-0.05,-0.12,-5.65e-05,-0.21,-0.04,-6.2e-05,-0.25,0.41,3971.50,0.41,0.73,0.07,0.11,0.25,0.08,0.25,0.06
41,4,0.44,0.98,10.83,-0.66,0.83,5.38,0.09,-0.37,0.99,1.02,-1.63,3.76e-05,-0.04,0.18,-3.46e-05,-0.27,0.42,-2.8e-05,-0.42,0.45,4523.62,0.37,0.76,0.06,0.12,0.28,0.07,0.27,0.02
41,5,0.45,0.99,6.86,-0.52,0.73,3.93,0.07,-0.17,0.97,1.02,-1.18,-5.88e-06,-0.08,0.12,-7.19e-05,-0.23,0.53,-1.76e-04,-0.37,0.59,4485.17,0.34,0.76,0.09,0.11,0.26,0.09,0.30,0.02
41,7,0.58,0.93,18.29,-0.92,0.94,6.70,1.56,-0.07,0.00,1.25,-0.96,1.528e-04,-0.16,-0.08,-1.71e-05,-0.21,0.22,-5.1e-05,-0.36,0.67,4878.57,0.38,0.73,0.11,0.13,0.24,0.09,0.25,0.03
41,8,0.56,0.94,12.55,-0.74,0.89,5.19,0.00,0.00,1.00,1.00,-1.35,4.18e-05,-0.08,0.15,-2.49e-05,-0.26,0.38,-5.4e-05,-0.38,0.41,5467.20,0.36,0.76,0.08,0.12,0.27,0.08,0.27,0.02
41,9,0.64,0.94,35.66,-1.38,1.02,4.53,100.00,-2.46,0.99,1.03,-0.63,-3.32e-05,-0.19,-1.79,2.25e-05,-6.83e-03,-0.59,1.69e-04,-0.47,0.92,3447.14,0.56,0.77,0.20,0.07,0.09,0.13,0.13,0.01
41,10,1.09,0.88,100.00,-1.02,0.50,1.30,0.89,-0.01,0.17,1.02,-1.38,-8.63e-05,-0.06,-1.12,-1.066e-04,-0.08,0.54,8.59e-04,-0.63,11.68,767.21,0.56,0.72,0.11,0.11,0.14,0.12,0.16,0.03
41,11,0.84,0.90,0.99,0.00,0.01,1.00,100.00,-2.46,0.99,1.03,-1.33,2.17e-06,-0.05,0.21,1.597e-04,-0.31,-0.33,2.69e-04,-0.48,95.83,1976.01,0.63,0.73,0.12,0.12,0.18,0.11,0.04,0.02
41,12,0.53,0.96,14.00,-0.86,0.87,4.84,0.12,-0.44,0.98,1.02,-1.59,7.25e-06,-0.03,-0.32,-1.409e-04,-0.14,-0.30,2.86e-04,-0.42,4.76,1422.70,0.50,0.70,0.09,0.11,0.26,0.14,0.14,0.03
41,13,0.51,0.98,24.93,-1.16,0.98,4.51,0.00,0.00,1.00,1.00,-1.25,-2.133e-04,-0.07,-1.23,-1.538e-04,-0.04,-1.71,-5.36e-04,-0.21,0.92,2370.61,0.60,0.80,0.15,0.07,0.16,0.11,0.07,7.7e-03
42,1,0.60,0.93,8.34,-0.70,0.86,4.41,0.25,-0.95,0.99,1.01,-1.43,8.29e-06,-0.10,-0.31,-5.58e-05,-0.23,-0.14,-1.5e-04,-0.33,0.42,2208.22,0.45,0.78,0.09,0.08,0.22,0.08,0.22,0.03
42,2,0.79,0.91,4.56,-0.39,0.49,2.98,0.41,-0.93,0.99,1.02,-1.79,-5.74e-05,-0.07,-1.40,-3.059e-04,-0.09,-1.42,-2.86e-04,-0.18,0.16,2263.75,0.65,0.85,0.09,0.06,0.13,0.05,0.11,0.02
42,3,0.54,0.94,11.17,-0.81,0.90,4.77,4.20,-1.73,1.00,1.03,-1.39,5.15e-05,-0.08,0.06,6.87e-05,-0.23,-0.08,-7.1e-05,-0.28,0.71,2449.52,0.40,0.69,0.08,0.10,0.28,0.14,0.22,0.05
42,4,0.46,0.98,11.75,-0.66,0.76,4.96,0.95,-1.20,1.00,1.02,-1.57,5.32e-05,-0.04,-0.15,-1.222e-04,-0.20,0.04,-3.05e-04,-0.33,1.03,2781.23,0.42,0.76,0.08,0.12,0.25,0.09,0.24,0.02
42,5,0.65,0.94,2.95,-0.44,0.81,2.36,0.16,-0.75,0.99,1.02,-1.47,-1.68e-05,-0.04,-0.50,-1.63e-05,-0.15,-0.33,-4.6e-05,-0.26,0.35,2831.55,0.46,0.71,0.09,0.11,0.21,0.12,0.21,0.05
42,6,0.70,0.92,5.75,-0.29,0.00,3.63,4.51,-2.06,1.00,1.01,-2.44,-8.76e-05,0.08,-1.27,-1.658e-04,-0.08,-1.89,-1.0e-04,-0.11,1.49,1469.28,0.68,0.76,0.06,0.10,0.16,0.09,0.08,0.04
42,7,0.78,0.89,4.47,-0.66,0.93,3.08,1.77,-1.41,1.00,1.06,-1.00,1.174e-04,-0.15,-0.32,4.04e-05,-0.19,-0.38,-5.5e-05,-0.29,1.33,5154.35,0.45,0.72,0.12,0.13,0.23,0.11,0.18,0.02
42,8,0.71,0.91,5.20,-0.56,0.81,3.13,0.00,0.00,1.00,1.00,-1.39,1.404e-04,-0.11,-0.49,8.16e-05,-0.20,-0.63,-1.38e-04,-0.25,0.16,5154.35,0.50,0.71,0.10,0.14,0.21,0.11,0.17,0.02
42,9,0.66,0.94,20.28,-0.89,0.82,5.33,100.00,-2.24,0.99,1.05,-1.39,-2.927e-04,-0.03,-0.90,4.31e-04,-0.19,-1.84,-5.0e-04,-0.16,0.95,2399.78,0.61,0.74,0.14,0.06,0.17,0.18,0.07,9.71e-03
42,10,0.93,0.91,23.78,-1.03,0.93,4.70,0.72,-1.02,0.99,1.02,-1.55,-1.176e-04,-0.03,-1.13,-4.19e-05,-0.09,-1.11,3.8e-05,-0.27,0.78,934.24,0.59,0.73,0.11,0.10,0.16,0.11,0.12,0.03
42,12,0.86,0.90,100.00,-1.74,1.24,5.78,100.00,-2.11,0.99,1.04,-1.39,1.404e-04,-0.11,-0.49,8.16e-05,-0.20,-0.63,-1.38e-04,-0.25,0.16,5154.35,0.50,0.71,0.10,0.14,0.21,0.11,0.17,0.02
42,13,0.77,0.92,26.23,-0.94,0.79,6.01,0.00,0.00,1.00,1.00,-1.51,-3.674e-04,-1.25e-03,-0.96,4.327e-04,-0.18,-1.57,-3.76e-04,-0.26,0.78,2369.50,0.61,0.74,0.13,0.06,0.16,0.17,0.08,8.05e-03
44,1,0.54,0.96,15.80,-0.99,0.92,4.22,0.00,0.00,1.00,1.00,-1.55,-9.666e-04,-0.02,-1.63,-3.0498e-03,0.09,-1.56,-3.042e-03,8.28e-03,1.48,376.10,0.60,0.76,0.12,0.09,0.14,0.08,0.12,0.05
44,2,0.49,0.99,67.91,-1.46,1.15,7.85,0.00,0.00,1.00,1.00,-2.14,-1.6456e-03,0.02,-2.59,-3.9187e-03,0.21,-2.24,-3.092e-03,0.01,2.77,252.97,0.74,0.81,0.09,0.07,0.08,0.07,0.08,0.04
44,3,0.54,0.96,15.80,-0.99,0.92,4.22,0.00,0.00,1.00,1.00,-1.55,-9.666e-04,-0.02,-1.63,-3.0498e-03,0.09,-1.56,-3.042e-03,8.28e-03,1.48,376.10,0.60,0.76,0.12,0.09,0.14,0.08,0.12,0.05
44,8,0.54,0.96,27.31,-1.11,0.95,5.64,0.00,0.00,1.00,1.00,-1.92,-6.819e-04,0.01,-2.19,-2.7955e-03,0.17,-2.03,-2.547e-03,0.05,1.48,376.10,0.69,0.76,0.10,0.09,0.10,0.08,0.09,0.05
44,9,0.54,0.98,27.16,-1.11,0.96,5.98,0.00,0.00,1.00,1.00,-1.73,-2.4198e-03,0.08,-2.57,-5.5146e-03,0.34,-2.01,-4.183e-03,-0.09,1.81,203.62,0.68,0.73,0.14,0.12,0.10,0.11,0.07,0.02
44,13,0.60,0.96,42.58,-1.08,0.69,4.86,0.00,0.00,1.00,1.00,-2.20,-3.9694e-03,0.21,-2.98,-6.5755e-03,0.41,-3.02,-5.818e-03,0.10,14.10,203.62,0.70,0.76,0.14,0.12,0.11,0.09,0.04,0.01
45,1,0.54,0.96,15.80,-0.99,0.92,4.22,0.00,0.00,1.00,1.00,-1.55,-9.666e-04,-0.02,-1.63,-3.0498e-03,0.09,-1.56,-3.042e-03,8.28e-03,1.48,376.10,0.60,0.76,0.12,0.09,0.14,0.08,0.12,0.05
45,2,0.49,0.99,67.91,-1.46,1.15,7.85,0.00,0.00,1.00,1.00,-2.14,-1.6456e-03,0.02,-2.59,-3.9187e-03,0.21,-2.24,-3.092e-03,0.01,2.77,252.97,0.74,0.81,0.09,0.07,0.08,0.07,0.08,0.04
45,3,0.54,0.96,15.80,-0.99,0.92,4.22,0.00,0.00,1.00,1.00,-1.55,-9.666e-04,-0.02,-1.63,-3.0498e-03,0.09,-1.56,-3.042e-03,8.28e-03,1.48,376.10,0.60,0.76,0.12,0.09,0.14,0.08,0.12,0.05
45,8,0.54,0.96,27.31,-1.11,0.95,5.64,0.00,0.00,1.00,1.00,-1.92,-6.819e-04,0.01,-2.19,-2.7955e-03,0.17,-2.03,-2.547e-03,0.05,1.48,376.10,0.69,0.76,0.10,0.09,0.10,0.08,0.09,0.05
45,9,0.54,0.98,27.16,-1.11,0.96,5.98,0.00,0.00,1.00,1.00,-1.73,-2.4198e-03,0.08,-2.57,-5.5146e-03,0.34,-2.01,-4.183e-03,-0.09,1.81,203.62,0.68,0.73,0.14,0.12,0.10,0.11,0.07,0.02
45,13,0.60,0.96,42.58,-1.08,0.69,4.86,0.00,0.00,1.00,1.00,-2.20,-3.9694e-03,0.21,-2.98,-6.5755e-03,0.41,-3.02,-5.818e-03,0.10,14.10,203.62,0.70,0.76,0.14,0.12,0.11,0.09,0.04,0.01
46,1,0.54,0.96,15.80,-0.99,0.92,4.22,0.00,0.00,1.00,1.00,-1.55,-9.666e-04,-0.02,-1.63,-3.0498e-03,0.09,-1.56,-3.042e-03,8.28e-03,1.48,376.10,0.60,0.76,0.12,0.09,0.14,0.08,0.12,0.05
46,2,0.49,0.99,67.91,-1.46,1.15,7.85,0.00,0.00,1.00,1.00,-2.14,-1.6456e-03,0.02,-2.59,-3.9187e-03,0.21,-2.24,-3.092e-03,0.01,2.77,252.97,0.74,0.81,0.09,0.07,0.08,0.07,0.08,0.04
46,3,0.54,0.96,15.80,-0.99,0.92,4.22,0.00,0.00,1.00,1.00,-1.55,-9.666e-04,-0.02,-1.63,-3.0498e-03,0.09,-1.56,-3.042e-03,8.28e-03,1.48,376.10,0.60,0.76,0.12,0.09,0.14,0.08,0.12,0.05
46,8,0.54,0.96,27.31,-1.11,0.95,5.64,0.00,0.00,1.00,1.00,-1.92,-6.819e-04,0.01,-2.19,-2.7955e-03,0.17,-2.03,-2.547e-03,0.05,1.48,376.10,0.69,0.76,0.10,0.09,0.10,0.08,0.09,0.05
46,9,0.54,0.98,27.16,-1.11,0.96,5.98,0.00,0.00,1.00,1.00,-1.73,-2.4198e-03,0.08,-2.57,-5.5146e-03,0.34,-2.01,-4.183e-03,-0.09,1.81,203.62,0.68,0.73,0.14,0.12,0.10,0.11,0.07,0.02
46,13,0.60,0.96,42.58,-1.08,0.69,4.86,0.00,0.00,1.00,1.00,-2.20,-3.9694e-03,0.21,-2.98,-6.5755e-03,0.41,-3.02,-5.818e-03,0.10,14.10,203.62,0.70,0.76,0.14,0.12,0.11,0.09,0.04,0.01
47,1,0.54,0.96,15.80,-0.99,0.92,4.22,0.00,0.00,1.00,1.00,-1.55,-9.666e-04,-0.02,-1.63,-3.0498e-03,0.09,-1.56,-3.042e-03,8.28e-03,1.48,376.10,0.60,0.76,0.12,0.09,0.14,0.08,0.12,0.05
47,2,0.49,0.99,67.91,-1.46,1.15,7.85,0.00,0.00,1.00,1.00,-2.14,-1.6456e-03,0.02,-2.59,-3.9187e-03,0.21,-2.24,-3.092e-03,0.01,2.77,252.97,0.74,0.81,0.09,0.07,0.08,0.07,0.08,0.04
47,3,0.54,0.96,15.80,-0.99,0.92,4.22,0.00,0.00,1.00,1.00,-1.55,-9.666e-04,-0.02,-1.63,-3.0498e-03,0.09,-1.56,-3.042e-03,8.28e-03,1.48,376.10,0.60,0.76,0.12,0.09,0.14,0.08,0.12,0.05
47,8,0.54,0.96,27.31,-1.11,0.95,5.64,0.00,0.00,1.00,1.00,-1.92,-6.819e-04,0.01,-2.19,-2.7955e-03,0.17,-2.03,-2.547e-03,0.05,1.48,376.10,0.69,0.76,0.10,0.09,0.10,0.08,0.09,0.05
47,9,0.54,0.98,27.16,-1.11,0.96,5.98,0.00,0.00,1.00,1.00,-1.73,-2.4198e-03,0.08,-2.57,-5.5146e-03,0.34,-2.01,-4.183e-03,-0.09,1.81,203.62,0.68,0.73,0.14,0.12,0.10,0.11,0.07,0.02
47,13,0.60,0.96,42.58,-1.08,0.69,4.86,0.00,0.00,1.00,1.00,-2.20,-3.9694e-03,0.21,-2.98,-6.5755e-03,0.41,-3.02,-5.818e-03,0.10,14.10,203.62,0.70,0.76,0.14,0.12,0.11,0.09,0.04,0.01
50,1,0.93,0.84,2.40,-0.26,0.38,2.36,100.00,-2.17,0.99,4.09,-1.94,-6.437e-04,0.03,-2.93,-2.4884e-03,0.17,-1.41,-1.16e-04,-0.16,0.21,509.04,0.71,0.79,0.10,0.10,0.05,0.03,0.13,0.06
50,2,1.21,0.82,100.00,-1.44,0.90,1.35,100.00,-1.61,0.97,1.51,3.06,6.3935e-03,-1.23,-3.27,-4.3885e-03,0.35,-0.26,2.275e-03,-0.55,82.95,322.91,0.74,0.78,0.10,0.10,0.09,0.05,0.05,0.05
50,3,0.39,0.99,1.35,-0.05,0.00,1.28,26.22,-1.78,0.99,1.11,-1.15,7.395e-04,-0.17,0.55,5.295e-04,-0.40,-0.33,-6.0e-05,-0.31,7.78,423.80,0.46,0.69,0.09,0.10,0.29,0.12,0.15,0.07
50,8,1.13,0.81,2.35,-0.28,0.45,2.36,0.00,0.00,1.00,1.00,-1.91,-2.66e-04,-1.74e-03,-2.73,-2.5689e-03,0.14,-1.72,6.3e-05,-0.11,0.21,509.04,0.72,0.79,0.10,0.10,0.05,0.03,0.10,0.06
50,9,0.59,0.93,20.76,-0.94,0.80,2.66,100.00,-1.41,0.87,1.56,-1.25,7.66e-05,-0.07,-6.44,-3.049e-03,0.89,-4.99,-3.045e-03,0.47,28.24,451.74,0.77,0.76,0.17,0.14,0.02,0.07,0.02,0.02
50,13,0.57,0.93,20.51,-0.93,0.77,2.66,0.00,0.00,1.00,1.00,-1.51,-1.543e-04,-4.31e-03,-7.61,-3.3172e-03,1.14,-4.44,-3.085e-03,0.33,28.24,451.74,0.78,0.74,0.16,0.14,0.01,0.09,0.02,0.01
51,1,0.57,0.94,13.44,-0.64,0.51,5.21,7.99,-0.93,0.94,1.37,-1.11,5.742e-04,-0.17,-1.35,-9.235e-04,-0.03,-0.28,-1.442e-03,-0.29,0.76,658.35,0.51,0.76,0.12,0.11,0.12,0.08,0.23,0.03
51,2,0.61,0.94,23.18,-0.85,0.74,7.31,100.00,-1.61,0.97,1.51,-1.76,-1.099e-04,-0.08,-1.95,-6.137e-04,-0.01,-1.98,-1.572e-03,-0.05,0.52,643.08,0.70,0.82,0.10,0.07,0.09,0.06,0.08,0.02
51,3,0.39,0.99,1.35,-0.05,0.00,1.28,26.22,-1.78,0.99,1.11,-1.15,7.395e-04,-0.17,0.55,5.295e-04,-0.40,-0.33,-6.0e-05,-0.31,7.78,423.80,0.46,0.69,0.09,0.10,0.29,0.12,0.15,0.07
51,6,0.58,0.95,2.42,-0.52,0.94,2.01,2.78,-2.10,1.10,1.20,-1.11,3.2119e-03,-0.25,-0.60,-1.0206e-03,-0.18,-1.24,-1.997e-03,-0.23,1.68,199.54,0.56,0.71,0.11,0.11,0.21,0.12,0.10,0.04
51,8,0.61,0.94,15.28,-0.72,0.65,5.67,0.00,0.00,1.00,1.00,-1.53,3.56e-05,-0.12,-1.56,-5.977e-04,-0.06,-1.32,-1.265e-03,-0.15,0.52,658.35,0.63,0.80,0.11,0.08,0.12,0.07,0.13,0.03
51,9,0.48,0.97,8.19,-0.66,0.73,3.97,26.62,-1.23,0.95,1.76,-1.18,-6.321e-04,-0.02,-3.08,-1.1771e-03,0.26,-2.11,1.172e-03,-0.29,0.66,802.90,0.69,0.76,0.20,0.11,0.05,0.08,0.05,0.03
51,10,0.74,0.92,24.78,-0.77,0.26,2.91,100.00,-1.01,0.06,1.90,-1.72,-1.3644e-03,0.02,-3.44,-8.7834e-03,0.60,-2.33,5.521e-03,-0.22,20.68,154.95,0.69,0.70,0.12,0.11,0.13,0.12,0.03,0.05
51,13,0.45,0.99,9.16,-0.66,0.67,4.47,0.00,0.00,1.00,1.00,-1.15,-2.116e-04,-0.03,-2.89,-8.582e-04,0.20,-2.47,-1.22e-04,-0.22,0.66,625.99,0.69,0.73,0.20,0.15,0.05,0.09,0.04,0.01
52,1,0.57,0.94,13.44,-0.64,0.51,5.21,7.99,-0.93,0.94,1.37,-1.11,5.742e-04,-0.17,-1.35,-9.235e-04,-0.03,-0.28,-1.442e-03,-0.29,0.76,658.35,0.51,0.76,0.12,0.11,0.12,0.08,0.23,0.03
52,2,0.61,0.94,23.18,-0.85,0.74,7.31,100.00,-1.61,0.97,1.51,-1.76,-1.099e-04,-0.08,-1.95,-6.137e-04,-0.01,-1.98,-1.572e-03,-0.05,0.52,643.08,0.70,0.82,0.10,0.07,0.09,0.06,0.08,0.02
52,3,0.39,0.99,1.35,-0.05,0.00,1.28,26.22,-1.78,0.99,1.11,-1.15,7.395e-04,-0.17,0.55,5.295e-04,-0.40,-0.33,-6.0e-05,-0.31,7.78,423.80,0.46,0.69,0.09,0.10,0.29,0.12,0.15,0.07
52,6,0.58,0.95,2.42,-0.52,0.94,2.01,2.78,-2.10,1.10,1.20,-1.11,3.2119e-03,-0.25,-0.60,-1.0206e-03,-0.18,-1.24,-1.997e-03,-0.23,1.68,199.54,0.56,0.71,0.11,0.11,0.21,0.12,0.10,0.04
52,8,0.61,0.94,15.28,-0.72,0.65,5.67,225.27,-1.91,0.99,1.52,-1.53,3.56e-05,-0.12,-1.56,-5.977e-04,-0.06,-1.32,-1.265e-03,-0.15,0.52,658.35,0.63,0.80,0.11,0.08,0.12,0.07,0.13,0.03
52,9,0.48,0.97,8.19,-0.66,0.73,3.97,26.62,-1.23,0.95,1.76,-1.18,-6.321e-04,-0.02,-3.08,-1.1771e-03,0.26,-2.11,1.172e-03,-0.29,0.66,802.90,0.69,0.76,0.20,0.11,0.05,0.08,0.05,0.03
52,10,0.74,0.92,24.78,-0.77,0.26,2.91,100.00,-1.01,0.06,1.90,-1.72,-1.3644e-03,0.02,-3.44,-8.7834e-03,0.60,-2.33,5.521e-03,-0.22,20.68,154.95,0.69,0.70,0.12,0.11,0.13,0.12,0.03,0.05
52,13,0.45,0.99,9.16,-0.66,0.67,4.47,100.00,-1.01,0.06,1.90,-1.15,-2.116e-04,-0.03,-2.89,-8.582e-04,0.20,-2.47,-1.22e-04,-0.22,0.66,625.99,0.69,0.73,0.20,0.15,0.05,0.09,0.04,0.01
53,1,0.93,0.84,2.40,-0.26,0.38,2.36,0.00,0.00,1.00,1.00,-1.94,-6.437e-04,0.03,-2.93,-2.4884e-03,0.17,-1.41,-1.16e-04,-0.16,0.21,509.04,0.71,0.79,0.10,0.10,0.05,0.03,0.13,0.06
53,2,1.21,0.82,100.00,-1.44,0.90,1.35,0.00,0.00,1.00,1.00,3.06,6.3935e-03,-1.23,-3.27,-4.3885e-03,0.35,-0.26,2.275e-03,-0.55,82.95,322.91,0.74,0.78,0.10,0.10,0.09,0.05,0.05,0.05
53,3,0.39,0.99,1.35,-0.05,0.00,1.28,0.00,0.00,1.00,1.00,-1.15,7.395e-04,-0.17,0.55,5.295e-04,-0.40,-0.33,-6.0e-05,-0.31,7.78,423.80,0.46,0.69,0.09,0.10,0.29,0.12,0.15,0.07
53,8,1.13,0.81,2.35,-0.28,0.45,2.36,0.00,0.00,1.00,1.00,-1.91,-2.66e-04,-1.74e-03,-2.73,-2.5689e-03,0.14,-1.72,6.3e-05,-0.11,0.21,509.04,0.72,0.79,0.10,0.10,0.05,0.03,0.10,0.06
53,9,0.59,0.93,20.76,-0.94,0.80,2.66,0.00,0.00,1.00,1.00,-1.25,7.66e-05,-0.07,-6.44,-3.049e-03,0.89,-4.99,-3.045e-03,0.47,28.24,451.74,0.77,0.76,0.17,0.14,0.02,0.07,0.02,0.02
53,13,0.57,0.93,20.51,-0.93,0.77,2.66,0.00,0.00,1.00,1.00,-1.51,-1.543e-04,-4.31e-03,-7.61,-3.3172e-03,1.14,-4.44,-3.085e-03,0.33,28.24,451.74,0.78,0.74,0.16,0.14,0.01,0.09,0.02,0.01
54,1,0.54,0.96,15.80,-0.99,0.92,4.22,0.00,0.00,1.00,1.00,-1.55,-9.666e-04,-0.02,-1.63,-3.0498e-03,0.09,-1.56,-3.042e-03,8.28e-03,1.48,376.10,0.60,0.76,0.12,0.09,0.14,0.08,0.12,0.05
54,2,0.49,0.99,67.91,-1.46,1.15,7.85,0.00,0.00,1.00,1.00,-2.14,-1.6456e-03,0.02,-2.59,-3.9187e-03,0.21,-2.24,-3.092e-03,0.01,2.77,252.97,0.74,0.81,0.09,0.07,0.08,0.07,0.08,0.04
54,3,0.39,0.99,1.35,-0.05,0.00,1.28,0.00,0.00,1.00,1.00,-1.15,7.395e-04,-0.17,0.55,5.295e-04,-0.40,-0.33,-6.0e-05,-0.31,7.78,423.80,0.46,0.69,0.09,0.10,0.29,0.12,0.15,0.07
54,8,0.54,0.96,27.31,-1.11,0.95,5.64,0.00,0.00,1.00,1.00,-1.92,-6.819e-04,0.01,-2.19,-2.7955e-03,0.17,-2.03,-2.547e-03,0.05,1.48,376.10,0.69,0.76,0.10,0.09,0.10,0.08,0.09,0.05
54,9,0.54,0.98,27.16,-1.11,0.96,5.98,0.00,0.00,1.00,1.00,-1.73,-2.4198e-03,0.08,-2.57,-5.5146e-03,0.34,-2.01,-4.183e-03,-0.09,1.81,203.62,0.68,0.73,0.14,0.12,0.10,0.11,0.07,0.02
54,13,0.60,0.96,42.58,-1.08,0.69,4.86,0.00,0.00,1.00,1.00,-2.20,-3.9694e-03,0.21,-2.98,-6.5755e-03,0.41,-3.02,-5.818e-03,0.10,14.10,203.62,0.70,0.76,0.14,0.12,0.11,0.09,0.04,0.01
58,1,0.89,0.84,7.77,-1.00,0.96,2.41,0.00,0.00,1.00,1.00,-1.69,-4.413e-04,-0.01,-1.11,-7.713e-04,-0.05,-0.94,-1.812e-03,-0.07,0.24,147.47,0.54,0.63,0.09,0.09,0.16,0.14,0.18,0.12
58,8,0.89,0.84,7.77,-1.00,0.96,2.41,0.00,0.00,1.00,1.00,-1.69,-4.413e-04,-0.01,-1.11,-7.713e-04,-0.05,-0.94,-1.812e-03,-0.07,0.24,247.27,0.54,0.66,0.09,0.09,0.16,0.13,0.18,0.10
58,13,0.59,0.94,11.79,-1.40,0.99,2.10,0.00,0.00,1.00,1.00,-1.23,2.12e-04,-0.09,-1.15,-9.56e-05,-0.12,-0.29,9.57e-04,-0.59,0.36,703.92,0.56,0.74,0.14,0.13,0.14,0.09,0.15,0.02
59,1,0.89,0.84,7.77,-1.00,0.96,2.41,0.00,0.00,1.00,1.00,-1.69,-4.413e-04,-0.01,-1.11,-7.713e-04,-0.05,-0.94,-1.812e-03,-0.07,0.24,147.47,0.54,0.63,0.09,0.09,0.16,0.14,0.18,0.12
59,8,0.89,0.84,7.77,-1.00,0.96,2.41,0.00,0.00,1.00,1.00,-1.69,-4.413e-04,-0.01,-1.11,-7.713e-04,-0.05,-0.94,-1.812e-03,-0.07,0.24,247.27,0.54,0.66,0.09,0.09,0.16,0.13,0.18,0.10
59,13,0.59,0.94,11.79,-1.40,0.99,2.10,0.00,0.00,1.00,1.00,-1.23,2.12e-04,-0.09,-1.15,-9.56e-05,-0.12,-0.29,9.57e-04,-0.59,0.36,703.92,0.56,0.74,0.14,0.13,0.14,0.09,0.15,0.02
