"EcoBoundaryID","AdminBoundaryID","PreTypeID","GCID","TotalBiomassCarbon","SW_FoliageBiomassCarbon","SW_MerchantableBiomassCarbon","SW_SubMerchantableBiomassCarbon","SW_OtherBiomassCarbon","SW_CoarseRootBiomassCarbon","SW_FineRootBiomassCarbon","HW_FoliageBiomassCarbon","HW_MerchantableBiomassCarbon","HW_SubMerchantableBiomassCarbon","HW_OtherBiomassCarbon","HW_CoarseRootBiomassCarbon","HW_FineRootBiomassCarbon","CreationDisturbance","TotalSoilPoolCarbon","VFSoilPoolC_AG","VFSoilPoolC_BG","FSoilPoolC_AG","FSoilPoolC_BG","MSoilPoolC","SSoilPoolC_AG","SSoilPoolC_BG","StemSnagPoolC_SW","BranchSnagPoolC_SW","StemSnagPoolC_HW","BranchSnagPoolC_HW","BlackCPool","PSoilPoolC"
4,10,1,1,0.00,0.00,0.00,0.00,0.00,0.00,0.00,0.00,0.00,0.00,0.00,0.00,0.00,0,106.00,0.00,0.00,0.00,0.00,0.00,0.00,106.00,0.00,0.00,0.00,0.00,0.00,0.00
4,10,2,1,0.00,0.00,0.00,0.00,0.00,0.00,0.00,0.00,0.00,0.00,0.00,0.00,0.00,0,83.00,0.00,0.00,0.00,0.00,0.00,0.00,83.00,0.00,0.00,0.00,0.00,0.00,0.00
4,10,3,1,0.00,0.00,0.00,0.00,0.00,0.00,0.00,0.00,0.00,0.00,0.00,0.00,0.00,0,74.00,0.00,0.00,0.00,0.00,0.00,0.00,74.00,0.00,0.00,0.00,0.00,0.00,0.00
4,10,4,1,0.00,0.00,0.00,0.00,0.00,0.00,0.00,0.00,0.00,0.00,0.00,0.00,0.00,0,40.00,0.00,0.00,0.00,0.00,0.00,0.00,40.00,0.00,0.00,0.00,0.00,0.00,0.00
4,10,5,1,0.00,0.00,0.00,0.00,0.00,0.00,0.00,0.00,0.00,0.00,0.00,0.00,0.00,0,66.00,0.00,0.00,0.00,0.00,0.00,0.00,66.00,0.00,0.00,0.00,0.00,0.00,0.00
4,10,6,1,0.00,0.00,0.00,0.00,0.00,0.00,0.00,0.00,0.00,0.00,0.00,0.00,0.00,0,76.00,0.00,0.00,0.00,0.00,0.00,0.00,76.00,0.00,0.00,0.00,0.00,0.00,0.00
4,10,7,1,0.00,0.00,0.00,0.00,0.00,0.00,0.00,0.00,0.00,0.00,0.00,0.00,0.00,0,68.00,0.00,0.00,0.00,0.00,0.00,0.00,68.00,0.00,0.00,0.00,0.00,0.00,0.00
4,10,8,1,0.00,0.00,0.00,0.00,0.00,0.00,0.00,0.00,0.00,0.00,0.00,0.00,0.00,0,114.00,0.00,0.00,0.00,0.00,0.00,0.00,114.00,0.00,0.00,0.00,0.00,0.00,0.00
4,10,9,1,0.00,0.00,0.00,0.00,0.00,0.00,0.00,0.00,0.00,0.00,0.00,0.00,0.00,0,101.00,0.00,0.00,0.00,0.00,0.00,0.00,101.00,0.00,0.00,0.00,0.00,0.00,0.00
4,10,10,1,0.00,0.00,0.00,0.00,0.00,0.00,0.00,0.00,0.00,0.00,0.00,0.00,0.00,0,81.00,0.00,0.00,0.00,0.00,0.00,0.00,81.00,0.00,0.00,0.00,0.00,0.00,0.00
4,11,1,1,0.00,0.00,0.00,0.00,0.00,0.00,0.00,0.00,0.00,0.00,0.00,0.00,0.00,0,106.00,0.00,0.00,0.00,0.00,0.00,0.00,106.00,0.00,0.00,0.00,0.00,0.00,0.00
4,11,2,1,0.00,0.00,0.00,0.00,0.00,0.00,0.00,0.00,0.00,0.00,0.00,0.00,0.00,0,83.00,0.00,0.00,0.00,0.00,0.00,0.00,83.00,0.00,0.00,0.00,0.00,0.00,0.00
4,11,3,1,0.00,0.00,0.00,0.00,0.00,0.00,0.00,0.00,0.00,0.00,0.00,0.00,0.00,0,74.00,0.00,0.00,0.00,0.00,0.00,0.00,74.00,0.00,0.00,0.00,0.00,0.00,0.00
4,11,4,1,0.00,0.00,0.00,0.00,0.00,0.00,0.00,0.00,0.00,0.00,0.00,0.00,0.00,0,40.00,0.00,0.00,0.00,0.00,0.00,0.00,40.00,0.00,0.00,0.00,0.00,0.00,0.00
4,11,5,1,0.00,0.00,0.00,0.00,0.00,0.00,0.00,0.00,0.00,0.00,0.00,0.00,0.00,0,66.00,0.00,0.00,0.00,0.00,0.00,0.00,66.00,0.00,0.00,0.00,0.00,0.00,0.00
4,11,6,1,0.00,0.00,0.00,0.00,0.00,0.00,0.00,0.00,0.00,0.00,0.00,0.00,0.00,0,76.00,0.00,0.00,0.00,0.00,0.00,0.00,76.00,0.00,0.00,0.00,0.00,0.00,0.00
4,11,7,1,0.00,0.00,0.00,0.00,0.00,0.00,0.00,0.00,0.00,0.00,0.00,0.00,0.00,0,68.00,0.00,0.00,0.00,0.00,0.00,0.00,68.00,0.00,0.00,0.00,0.00,0.00,0.00
4,11,8,1,0.00,0.00,0.00,0.00,0.00,0.00,0.00,0.00,0.00,0.00,0.00,0.00,0.00,0,114.00,0.00,0.00,0.00,0.00,0.00,0.00,114.00,0.00,0.00,0.00,0.00,0.00,0.00
4,11,9,1,0.00,0.00,0.00,0.00,0.00,0.00,0.00,0.00,0.00,0.00,0.00,0.00,0.00,0,101.00,0.00,0.00,0.00,0.00,0.00,0.00,101.00,0.00,0.00,0.00,0.00,0.00,0.00
4,11,10,1,0.00,0.00,0.00,0.00,0.00,0.00,0.00,0.00,0.00,0.00,0.00,0.00,0.00,0,81.00,0.00,0.00,0.00,0.00,0.00,0.00,81.00,0.00,0.00,0.00,0.00,0.00,0.00
4,12,1,1,0.00,0.00,0.00,0.00,0.00,0.00,0.00,0.00,0.00,0.00,0.00,0.00,0.00,0,106.00,0.00,0.00,0.00,0.00,0.00,0.00,106.00,0.00,0.00,0.00,0.00,0.00,0.00
4,12,2,1,0.00,0.00,0.00,0.00,0.00,0.00,0.00,0.00,0.00,0.00,0.00,0.00,0.00,0,83.00,0.00,0.00,0.00,0.00,0.00,0.00,83.00,0.00,0.00,0.00,0.00,0.00,0.00
4,12,3,1,0.00,0.00,0.00,0.00,0.00,0.00,0.00,0.00,0.00,0.00,0.00,0.00,0.00,0,74.00,0.00,0.00,0.00,0.00,0.00,0.00,74.00,0.00,0.00,0.00,0.00,0.00,0.00
4,12,4,1,0.00,0.00,0.00,0.00,0.00,0.00,0.00,0.00,0.00,0.00,0.00,0.00,0.00,0,40.00,0.00,0.00,0.00,0.00,0.00,0.00,40.00,0.00,0.00,0.00,0.00,0.00,0.00
4,12,5,1,0.00,0.00,0.00,0.00,0.00,0.00,0.00,0.00,0.00,0.00,0.00,0.00,0.00,0,66.00,0.00,0.00,0.00,0.00,0.00,0.00,66.00,0.00,0.00,0.00,0.00,0.00,0.00
4,12,6,1,0.00,0.00,0.00,0.00,0.00,0.00,0.00,0.00,0.00,0.00,0.00,0.00,0.00,0,76.00,0.00,0.00,0.00,0.00,0.00,0.00,76.00,0.00,0.00,0.00,0.00,0.00,0.00
4,12,7,1,0.00,0.00,0.00,0.00,0.00,0.00,0.00,0.00,0.00,0.00,0.00,0.00,0.00,0,68.00,0.00,0.00,0.00,0.00,0.00,0.00,68.00,0.00,0.00,0.00,0.00,0.00,0.00
4,12,8,1,0.00,0.00,0.00,0.00,0.00,0.00,0.00,0.00,0.00,0.00,0.00,0.00,0.00,0,114.00,0.00,0.00,0.00,0.00,0.00,0.00,114.00,0.00,0.00,0.00,0.00,0.00,0.00
4,12,9,1,0.00,0.00,0.00,0.00,0.00,0.00,0.00,0.00,0.00,0.00,0.00,0.00,0.00,0,101.00,0.00,0.00,0.00,0.00,0.00,0.00,101.00,0.00,0.00,0.00,0.00,0.00,0.00
4,12,10,1,0.00,0.00,0.00,0.00,0.00,0.00,0.00,0.00,0.00,0.00,0.00,0.00,0.00,0,81.00,0.00,0.00,0.00,0.00,0.00,0.00,81.00,0.00,0.00,0.00,0.00,0.00,0.00
4,13,1,1,0.00,0.00,0.00,0.00,0.00,0.00,0.00,0.00,0.00,0.00,0.00,0.00,0.00,0,106.00,0.00,0.00,0.00,0.00,0.00,0.00,106.00,0.00,0.00,0.00,0.00,0.00,0.00
4,13,2,1,0.00,0.00,0.00,0.00,0.00,0.00,0.00,0.00,0.00,0.00,0.00,0.00,0.00,0,83.00,0.00,0.00,0.00,0.00,0.00,0.00,83.00,0.00,0.00,0.00,0.00,0.00,0.00
4,13,3,1,0.00,0.00,0.00,0.00,0.00,0.00,0.00,0.00,0.00,0.00,0.00,0.00,0.00,0,74.00,0.00,0.00,0.00,0.00,0.00,0.00,74.00,0.00,0.00,0.00,0.00,0.00,0.00
4,13,4,1,0.00,0.00,0.00,0.00,0.00,0.00,0.00,0.00,0.00,0.00,0.00,0.00,0.00,0,40.00,0.00,0.00,0.00,0.00,0.00,0.00,40.00,0.00,0.00,0.00,0.00,0.00,0.00
4,13,5,1,0.00,0.00,0.00,0.00,0.00,0.00,0.00,0.00,0.00,0.00,0.00,0.00,0.00,0,66.00,0.00,0.00,0.00,0.00,0.00,0.00,66.00,0.00,0.00,0.00,0.00,0.00,0.00
4,13,6,1,0.00,0.00,0.00,0.00,0.00,0.00,0.00,0.00,0.00,0.00,0.00,0.00,0.00,0,76.00,0.00,0.00,0.00,0.00,0.00,0.00,76.00,0.00,0.00,0.00,0.00,0.00,0.00
4,13,7,1,0.00,0.00,0.00,0.00,0.00,0.00,0.00,0.00,0.00,0.00,0.00,0.00,0.00,0,68.00,0.00,0.00,0.00,0.00,0.00,0.00,68.00,0.00,0.00,0.00,0.00,0.00,0.00
4,13,8,1,0.00,0.00,0.00,0.00,0.00,0.00,0.00,0.00,0.00,0.00,0.00,0.00,0.00,0,114.00,0.00,0.00,0.00,0.00,0.00,0.00,114.00,0.00,0.00,0.00,0.00,0.00,0.00
4,13,9,1,0.00,0.00,0.00,0.00,0.00,0.00,0.00,0.00,0.00,0.00,0.00,0.00,0.00,0,101.00,0.00,0.00,0.00,0.00,0.00,0.00,101.00,0.00,0.00,0.00,0.00,0.00,0.00
4,13,10,1,0.00,0.00,0.00,0.00,0.00,0.00,0.00,0.00,0.00,0.00,0.00,0.00,0.00,0,81.00,0.00,0.00,0.00,0.00,0.00,0.00,81.00,0.00,0.00,0.00,0.00,0.00,0.00
5,8,1,1,0.00,0.00,0.00,0.00,0.00,0.00,0.00,0.00,0.00,0.00,0.00,0.00,0.00,0,106.00,0.00,0.00,0.00,0.00,0.00,0.00,106.00,0.00,0.00,0.00,0.00,0.00,0.00
5,8,2,1,0.00,0.00,0.00,0.00,0.00,0.00,0.00,0.00,0.00,0.00,0.00,0.00,0.00,0,83.00,0.00,0.00,0.00,0.00,0.00,0.00,83.00,0.00,0.00,0.00,0.00,0.00,0.00
5,8,3,1,0.00,0.00,0.00,0.00,0.00,0.00,0.00,0.00,0.00,0.00,0.00,0.00,0.00,0,74.00,0.00,0.00,0.00,0.00,0.00,0.00,74.00,0.00,0.00,0.00,0.00,0.00,0.00
5,8,4,1,0.00,0.00,0.00,0.00,0.00,0.00,0.00,0.00,0.00,0.00,0.00,0.00,0.00,0,40.00,0.00,0.00,0.00,0.00,0.00,0.00,40.00,0.00,0.00,0.00,0.00,0.00,0.00
5,8,5,1,0.00,0.00,0.00,0.00,0.00,0.00,0.00,0.00,0.00,0.00,0.00,0.00,0.00,0,66.00,0.00,0.00,0.00,0.00,0.00,0.00,66.00,0.00,0.00,0.00,0.00,0.00,0.00
5,8,6,1,0.00,0.00,0.00,0.00,0.00,0.00,0.00,0.00,0.00,0.00,0.00,0.00,0.00,0,76.00,0.00,0.00,0.00,0.00,0.00,0.00,76.00,0.00,0.00,0.00,0.00,0.00,0.00
5,8,7,1,0.00,0.00,0.00,0.00,0.00,0.00,0.00,0.00,0.00,0.00,0.00,0.00,0.00,0,68.00,0.00,0.00,0.00,0.00,0.00,0.00,68.00,0.00,0.00,0.00,0.00,0.00,0.00
5,8,8,1,0.00,0.00,0.00,0.00,0.00,0.00,0.00,0.00,0.00,0.00,0.00,0.00,0.00,0,114.00,0.00,0.00,0.00,0.00,0.00,0.00,114.00,0.00,0.00,0.00,0.00,0.00,0.00
5,8,9,1,0.00,0.00,0.00,0.00,0.00,0.00,0.00,0.00,0.00,0.00,0.00,0.00,0.00,0,101.00,0.00,0.00,0.00,0.00,0.00,0.00,101.00,0.00,0.00,0.00,0.00,0.00,0.00
5,8,10,1,0.00,0.00,0.00,0.00,0.00,0.00,0.00,0.00,0.00,0.00,0.00,0.00,0.00,0,81.00,0.00,0.00,0.00,0.00,0.00,0.00,81.00,0.00,0.00,0.00,0.00,0.00,0.00
5,9,1,1,0.00,0.00,0.00,0.00,0.00,0.00,0.00,0.00,0.00,0.00,0.00,0.00,0.00,0,106.00,0.00,0.00,0.00,0.00,0.00,0.00,106.00,0.00,0.00,0.00,0.00,0.00,0.00
5,9,2,1,0.00,0.00,0.00,0.00,0.00,0.00,0.00,0.00,0.00,0.00,0.00,0.00,0.00,0,83.00,0.00,0.00,0.00,0.00,0.00,0.00,83.00,0.00,0.00,0.00,0.00,0.00,0.00
5,9,3,1,0.00,0.00,0.00,0.00,0.00,0.00,0.00,0.00,0.00,0.00,0.00,0.00,0.00,0,74.00,0.00,0.00,0.00,0.00,0.00,0.00,74.00,0.00,0.00,0.00,0.00,0.00,0.00
5,9,4,1,0.00,0.00,0.00,0.00,0.00,0.00,0.00,0.00,0.00,0.00,0.00,0.00,0.00,0,40.00,0.00,0.00,0.00,0.00,0.00,0.00,40.00,0.00,0.00,0.00,0.00,0.00,0.00
5,9,5,1,0.00,0.00,0.00,0.00,0.00,0.00,0.00,0.00,0.00,0.00,0.00,0.00,0.00,0,66.00,0.00,0.00,0.00,0.00,0.00,0.00,66.00,0.00,0.00,0.00,0.00,0.00,0.00
5,9,6,1,0.00,0.00,0.00,0.00,0.00,0.00,0.00,0.00,0.00,0.00,0.00,0.00,0.00,0,76.00,0.00,0.00,0.00,0.00,0.00,0.00,76.00,0.00,0.00,0.00,0.00,0.00,0.00
5,9,7,1,0.00,0.00,0.00,0.00,0.00,0.00,0.00,0.00,0.00,0.00,0.00,0.00,0.00,0,68.00,0.00,0.00,0.00,0.00,0.00,0.00,68.00,0.00,0.00,0.00,0.00,0.00,0.00
5,9,8,1,0.00,0.00,0.00,0.00,0.00,0.00,0.00,0.00,0.00,0.00,0.00,0.00,0.00,0,114.00,0.00,0.00,0.00,0.00,0.00,0.00,114.00,0.00,0.00,0.00,0.00,0.00,0.00
5,9,9,1,0.00,0.00,0.00,0.00,0.00,0.00,0.00,0.00,0.00,0.00,0.00,0.00,0.00,0,101.00,0.00,0.00,0.00,0.00,0.00,0.00,101.00,0.00,0.00,0.00,0.00,0.00,0.00
5,9,10,1,0.00,0.00,0.00,0.00,0.00,0.00,0.00,0.00,0.00,0.00,0.00,0.00,0.00,0,81.00,0.00,0.00,0.00,0.00,0.00,0.00,81.00,0.00,0.00,0.00,0.00,0.00,0.00
5,10,1,1,0.00,0.00,0.00,0.00,0.00,0.00,0.00,0.00,0.00,0.00,0.00,0.00,0.00,0,106.00,0.00,0.00,0.00,0.00,0.00,0.00,106.00,0.00,0.00,0.00,0.00,0.00,0.00
5,10,2,1,0.00,0.00,0.00,0.00,0.00,0.00,0.00,0.00,0.00,0.00,0.00,0.00,0.00,0,83.00,0.00,0.00,0.00,0.00,0.00,0.00,83.00,0.00,0.00,0.00,0.00,0.00,0.00
5,10,3,1,0.00,0.00,0.00,0.00,0.00,0.00,0.00,0.00,0.00,0.00,0.00,0.00,0.00,0,74.00,0.00,0.00,0.00,0.00,0.00,0.00,74.00,0.00,0.00,0.00,0.00,0.00,0.00
5,10,4,1,0.00,0.00,0.00,0.00,0.00,0.00,0.00,0.00,0.00,0.00,0.00,0.00,0.00,0,40.00,0.00,0.00,0.00,0.00,0.00,0.00,40.00,0.00,0.00,0.00,0.00,0.00,0.00
5,10,5,1,0.00,0.00,0.00,0.00,0.00,0.00,0.00,0.00,0.00,0.00,0.00,0.00,0.00,0,66.00,0.00,0.00,0.00,0.00,0.00,0.00,66.00,0.00,0.00,0.00,0.00,0.00,0.00
5,10,6,1,0.00,0.00,0.00,0.00,0.00,0.00,0.00,0.00,0.00,0.00,0.00,0.00,0.00,0,76.00,0.00,0.00,0.00,0.00,0.00,0.00,76.00,0.00,0.00,0.00,0.00,0.00,0.00
5,10,7,1,0.00,0.00,0.00,0.00,0.00,0.00,0.00,0.00,0.00,0.00,0.00,0.00,0.00,0,68.00,0.00,0.00,0.00,0.00,0.00,0.00,68.00,0.00,0.00,0.00,0.00,0.00,0.00
5,10,8,1,0.00,0.00,0.00,0.00,0.00,0.00,0.00,0.00,0.00,0.00,0.00,0.00,0.00,0,114.00,0.00,0.00,0.00,0.00,0.00,0.00,114.00,0.00,0.00,0.00,0.00,0.00,0.00
5,10,9,1,0.00,0.00,0.00,0.00,0.00,0.00,0.00,0.00,0.00,0.00,0.00,0.00,0.00,0,101.00,0.00,0.00,0.00,0.00,0.00,0.00,101.00,0.00,0.00,0.00,0.00,0.00,0.00
5,10,10,1,0.00,0.00,0.00,0.00,0.00,0.00,0.00,0.00,0.00,0.00,0.00,0.00,0.00,0,81.00,0.00,0.00,0.00,0.00,0.00,0.00,81.00,0.00,0.00,0.00,0.00,0.00,0.00
5,13,1,1,0.00,0.00,0.00,0.00,0.00,0.00,0.00,0.00,0.00,0.00,0.00,0.00,0.00,0,106.00,0.00,0.00,0.00,0.00,0.00,0.00,106.00,0.00,0.00,0.00,0.00,0.00,0.00
5,13,2,1,0.00,0.00,0.00,0.00,0.00,0.00,0.00,0.00,0.00,0.00,0.00,0.00,0.00,0,83.00,0.00,0.00,0.00,0.00,0.00,0.00,83.00,0.00,0.00,0.00,0.00,0.00,0.00
5,13,3,1,0.00,0.00,0.00,0.00,0.00,0.00,0.00,0.00,0.00,0.00,0.00,0.00,0.00,0,74.00,0.00,0.00,0.00,0.00,0.00,0.00,74.00,0.00,0.00,0.00,0.00,0.00,0.00
5,13,4,1,0.00,0.00,0.00,0.00,0.00,0.00,0.00,0.00,0.00,0.00,0.00,0.00,0.00,0,40.00,0.00,0.00,0.00,0.00,0.00,0.00,40.00,0.00,0.00,0.00,0.00,0.00,0.00
5,13,5,1,0.00,0.00,0.00,0.00,0.00,0.00,0.00,0.00,0.00,0.00,0.00,0.00,0.00,0,66.00,0.00,0.00,0.00,0.00,0.00,0.00,66.00,0.00,0.00,0.00,0.00,0.00,0.00
5,13,6,1,0.00,0.00,0.00,0.00,0.00,0.00,0.00,0.00,0.00,0.00,0.00,0.00,0.00,0,76.00,0.00,0.00,0.00,0.00,0.00,0.00,76.00,0.00,0.00,0.00,0.00,0.00,0.00
5,13,7,1,0.00,0.00,0.00,0.00,0.00,0.00,0.00,0.00,0.00,0.00,0.00,0.00,0.00,0,68.00,0.00,0.00,0.00,0.00,0.00,0.00,68.00,0.00,0.00,0.00,0.00,0.00,0.00
5,13,8,1,0.00,0.00,0.00,0.00,0.00,0.00,0.00,0.00,0.00,0.00,0.00,0.00,0.00,0,114.00,0.00,0.00,0.00,0.00,0.00,0.00,114.00,0.00,0.00,0.00,0.00,0.00,0.00
5,13,9,1,0.00,0.00,0.00,0.00,0.00,0.00,0.00,0.00,0.00,0.00,0.00,0.00,0.00,0,101.00,0.00,0.00,0.00,0.00,0.00,0.00,101.00,0.00,0.00,0.00,0.00,0.00,0.00
5,13,10,1,0.00,0.00,0.00,0.00,0.00,0.00,0.00,0.00,0.00,0.00,0.00,0.00,0.00,0,81.00,0.00,0.00,0.00,0.00,0.00,0.00,81.00,0.00,0.00,0.00,0.00,0.00,0.00
5,14,1,1,0.00,0.00,0.00,0.00,0.00,0.00,0.00,0.00,0.00,0.00,0.00,0.00,0.00,0,106.00,0.00,0.00,0.00,0.00,0.00,0.00,106.00,0.00,0.00,0.00,0.00,0.00,0.00
5,14,2,1,0.00,0.00,0.00,0.00,0.00,0.00,0.00,0.00,0.00,0.00,0.00,0.00,0.00,0,83.00,0.00,0.00,0.00,0.00,0.00,0.00,83.00,0.00,0.00,0.00,0.00,0.00,0.00
5,14,3,1,0.00,0.00,0.00,0.00,0.00,0.00,0.00,0.00,0.00,0.00,0.00,0.00,0.00,0,74.00,0.00,0.00,0.00,0.00,0.00,0.00,74.00,0.00,0.00,0.00,0.00,0.00,0.00
5,14,4,1,0.00,0.00,0.00,0.00,0.00,0.00,0.00,0.00,0.00,0.00,0.00,0.00,0.00,0,40.00,0.00,0.00,0.00,0.00,0.00,0.00,40.00,0.00,0.00,0.00,0.00,0.00,0.00
5,14,5,1,0.00,0.00,0.00,0.00,0.00,0.00,0.00,0.00,0.00,0.00,0.00,0.00,0.00,0,66.00,0.00,0.00,0.00,0.00,0.00,0.00,66.00,0.00,0.00,0.00,0.00,0.00,0.00
5,14,6,1,0.00,0.00,0.00,0.00,0.00,0.00,0.00,0.00,0.00,0.00,0.00,0.00,0.00,0,76.00,0.00,0.00,0.00,0.00,0.00,0.00,76.00,0.00,0.00,0.00,0.00,0.00,0.00
5,14,7,1,0.00,0.00,0.00,0.00,0.00,0.00,0.00,0.00,0.00,0.00,0.00,0.00,0.00,0,68.00,0.00,0.00,0.00,0.00,0.00,0.00,68.00,0.00,0.00,0.00,0.00,0.00,0.00
5,14,8,1,0.00,0.00,0.00,0.00,0.00,0.00,0.00,0.00,0.00,0.00,0.00,0.00,0.00,0,114.00,0.00,0.00,0.00,0.00,0.00,0.00,114.00,0.00,0.00,0.00,0.00,0.00,0.00
5,14,9,1,0.00,0.00,0.00,0.00,0.00,0.00,0.00,0.00,0.00,0.00,0.00,0.00,0.00,0,101.00,0.00,0.00,0.00,0.00,0.00,0.00,101.00,0.00,0.00,0.00,0.00,0.00,0.00
5,14,10,1,0.00,0.00,0.00,0.00,0.00,0.00,0.00,0.00,0.00,0.00,0.00,0.00,0.00,0,81.00,0.00,0.00,0.00,0.00,0.00,0.00,81.00,0.00,0.00,0.00,0.00,0.00,0.00
6,7,1,1,0.00,0.00,0.00,0.00,0.00,0.00,0.00,0.00,0.00,0.00,0.00,0.00,0.00,0,106.00,0.00,0.00,0.00,0.00,0.00,0.00,106.00,0.00,0.00,0.00,0.00,0.00,0.00
6,7,2,1,0.00,0.00,0.00,0.00,0.00,0.00,0.00,0.00,0.00,0.00,0.00,0.00,0.00,0,83.00,0.00,0.00,0.00,0.00,0.00,0.00,83.00,0.00,0.00,0.00,0.00,0.00,0.00
6,7,3,1,0.00,0.00,0.00,0.00,0.00,0.00,0.00,0.00,0.00,0.00,0.00,0.00,0.00,0,74.00,0.00,0.00,0.00,0.00,0.00,0.00,74.00,0.00,0.00,0.00,0.00,0.00,0.00
6,7,4,1,0.00,0.00,0.00,0.00,0.00,0.00,0.00,0.00,0.00,0.00,0.00,0.00,0.00,0,40.00,0.00,0.00,0.00,0.00,0.00,0.00,40.00,0.00,0.00,0.00,0.00,0.00,0.00
6,7,5,1,0.00,0.00,0.00,0.00,0.00,0.00,0.00,0.00,0.00,0.00,0.00,0.00,0.00,0,66.00,0.00,0.00,0.00,0.00,0.00,0.00,66.00,0.00,0.00,0.00,0.00,0.00,0.00
6,7,6,1,0.00,0.00,0.00,0.00,0.00,0.00,0.00,0.00,0.00,0.00,0.00,0.00,0.00,0,76.00,0.00,0.00,0.00,0.00,0.00,0.00,76.00,0.00,0.00,0.00,0.00,0.00,0.00
6,7,7,1,0.00,0.00,0.00,0.00,0.00,0.00,0.00,0.00,0.00,0.00,0.00,0.00,0.00,0,68.00,0.00,0.00,0.00,0.00,0.00,0.00,68.00,0.00,0.00,0.00,0.00,0.00,0.00
6,7,8,1,0.00,0.00,0.00,0.00,0.00,0.00,0.00,0.00,0.00,0.00,0.00,0.00,0.00,0,114.00,0.00,0.00,0.00,0.00,0.00,0.00,114.00,0.00,0.00,0.00,0.00,0.00,0.00
6,7,9,1,0.00,0.00,0.00,0.00,0.00,0.00,0.00,0.00,0.00,0.00,0.00,0.00,0.00,0,101.00,0.00,0.00,0.00,0.00,0.00,0.00,101.00,0.00,0.00,0.00,0.00,0.00,0.00
6,7,10,1,0.00,0.00,0.00,0.00,0.00,0.00,0.00,0.00,0.00,0.00,0.00,0.00,0.00,0,81.00,0.00,0.00,0.00,0.00,0.00,0.00,81.00,0.00,0.00,0.00,0.00,0.00,0.00
6,8,1,1,0.00,0.00,0.00,0.00,0.00,0.00,0.00,0.00,0.00,0.00,0.00,0.00,0.00,0,106.00,0.00,0.00,0.00,0.00,0.00,0.00,106.00,0.00,0.00,0.00,0.00,0.00,0.00
6,8,2,1,0.00,0.00,0.00,0.00,0.00,0.00,0.00,0.00,0.00,0.00,0.00,0.00,0.00,0,83.00,0.00,0.00,0.00,0.00,0.00,0.00,83.00,0.00,0.00,0.00,0.00,0.00,0.00
6,8,3,1,0.00,0.00,0.00,0.00,0.00,0.00,0.00,0.00,0.00,0.00,0.00,0.00,0.00,0,74.00,0.00,0.00,0.00,0.00,0.00,0.00,74.00,0.00,0.00,0.00,0.00,0.00,0.00
6,8,4,1,0.00,0.00,0.00,0.00,0.00,0.00,0.00,0.00,0.00,0.00,0.00,0.00,0.00,0,40.00,0.00,0.00,0.00,0.00,0.00,0.00,40.00,0.00,0.00,0.00,0.00,0.00,0.00
6,8,5,1,0.00,0.00,0.00,0.00,0.00,0.00,0.00,0.00,0.00,0.00,0.00,0.00,0.00,0,66.00,0.00,0.00,0.00,0.00,0.00,0.00,66.00,0.00,0.00,0.00,0.00,0.00,0.00
6,8,6,1,0.00,0.00,0.00,0.00,0.00,0.00,0.00,0.00,0.00,0.00,0.00,0.00,0.00,0,76.00,0.00,0.00,0.00,0.00,0.00,0.00,76.00,0.00,0.00,0.00,0.00,0.00,0.00
6,8,7,1,0.00,0.00,0.00,0.00,0.00,0.00,0.00,0.00,0.00,0.00,0.00,0.00,0.00,0,68.00,0.00,0.00,0.00,0.00,0.00,0.00,68.00,0.00,0.00,0.00,0.00,0.00,0.00
6,8,8,1,0.00,0.00,0.00,0.00,0.00,0.00,0.00,0.00,0.00,0.00,0.00,0.00,0.00,0,114.00,0.00,0.00,0.00,0.00,0.00,0.00,114.00,0.00,0.00,0.00,0.00,0.00,0.00
6,8,9,1,0.00,0.00,0.00,0.00,0.00,0.00,0.00,0.00,0.00,0.00,0.00,0.00,0.00,0,101.00,0.00,0.00,0.00,0.00,0.00,0.00,101.00,0.00,0.00,0.00,0.00,0.00,0.00
6,8,10,1,0.00,0.00,0.00,0.00,0.00,0.00,0.00,0.00,0.00,0.00,0.00,0.00,0.00,0,81.00,0.00,0.00,0.00,0.00,0.00,0.00,81.00,0.00,0.00,0.00,0.00,0.00,0.00
6,9,1,1,0.00,0.00,0.00,0.00,0.00,0.00,0.00,0.00,0.00,0.00,0.00,0.00,0.00,0,106.00,0.00,0.00,0.00,0.00,0.00,0.00,106.00,0.00,0.00,0.00,0.00,0.00,0.00
6,9,2,1,0.00,0.00,0.00,0.00,0.00,0.00,0.00,0.00,0.00,0.00,0.00,0.00,0.00,0,83.00,0.00,0.00,0.00,0.00,0.00,0.00,83.00,0.00,0.00,0.00,0.00,0.00,0.00
6,9,3,1,0.00,0.00,0.00,0.00,0.00,0.00,0.00,0.00,0.00,0.00,0.00,0.00,0.00,0,74.00,0.00,0.00,0.00,0.00,0.00,0.00,74.00,0.00,0.00,0.00,0.00,0.00,0.00
6,9,4,1,0.00,0.00,0.00,0.00,0.00,0.00,0.00,0.00,0.00,0.00,0.00,0.00,0.00,0,40.00,0.00,0.00,0.00,0.00,0.00,0.00,40.00,0.00,0.00,0.00,0.00,0.00,0.00
6,9,5,1,0.00,0.00,0.00,0.00,0.00,0.00,0.00,0.00,0.00,0.00,0.00,0.00,0.00,0,66.00,0.00,0.00,0.00,0.00,0.00,0.00,66.00,0.00,0.00,0.00,0.00,0.00,0.00
6,9,6,1,0.00,0.00,0.00,0.00,0.00,0.00,0.00,0.00,0.00,0.00,0.00,0.00,0.00,0,76.00,0.00,0.00,0.00,0.00,0.00,0.00,76.00,0.00,0.00,0.00,0.00,0.00,0.00
6,9,7,1,0.00,0.00,0.00,0.00,0.00,0.00,0.00,0.00,0.00,0.00,0.00,0.00,0.00,0,68.00,0.00,0.00,0.00,0.00,0.00,0.00,68.00,0.00,0.00,0.00,0.00,0.00,0.00
6,9,8,1,0.00,0.00,0.00,0.00,0.00,0.00,0.00,0.00,0.00,0.00,0.00,0.00,0.00,0,114.00,0.00,0.00,0.00,0.00,0.00,0.00,114.00,0.00,0.00,0.00,0.00,0.00,0.00
6,9,9,1,0.00,0.00,0.00,0.00,0.00,0.00,0.00,0.00,0.00,0.00,0.00,0.00,0.00,0,101.00,0.00,0.00,0.00,0.00,0.00,0.00,101.00,0.00,0.00,0.00,0.00,0.00,0.00
6,9,10,1,0.00,0.00,0.00,0.00,0.00,0.00,0.00,0.00,0.00,0.00,0.00,0.00,0.00,0,81.00,0.00,0.00,0.00,0.00,0.00,0.00,81.00,0.00,0.00,0.00,0.00,0.00,0.00
6,10,1,1,0.00,0.00,0.00,0.00,0.00,0.00,0.00,0.00,0.00,0.00,0.00,0.00,0.00,0,106.00,0.00,0.00,0.00,0.00,0.00,0.00,106.00,0.00,0.00,0.00,0.00,0.00,0.00
6,10,2,1,0.00,0.00,0.00,0.00,0.00,0.00,0.00,0.00,0.00,0.00,0.00,0.00,0.00,0,83.00,0.00,0.00,0.00,0.00,0.00,0.00,83.00,0.00,0.00,0.00,0.00,0.00,0.00
6,10,3,1,0.00,0.00,0.00,0.00,0.00,0.00,0.00,0.00,0.00,0.00,0.00,0.00,0.00,0,74.00,0.00,0.00,0.00,0.00,0.00,0.00,74.00,0.00,0.00,0.00,0.00,0.00,0.00
6,10,4,1,0.00,0.00,0.00,0.00,0.00,0.00,0.00,0.00,0.00,0.00,0.00,0.00,0.00,0,40.00,0.00,0.00,0.00,0.00,0.00,0.00,40.00,0.00,0.00,0.00,0.00,0.00,0.00
6,10,5,1,0.00,0.00,0.00,0.00,0.00,0.00,0.00,0.00,0.00,0.00,0.00,0.00,0.00,0,66.00,0.00,0.00,0.00,0.00,0.00,0.00,66.00,0.00,0.00,0.00,0.00,0.00,0.00
6,10,6,1,0.00,0.00,0.00,0.00,0.00,0.00,0.00,0.00,0.00,0.00,0.00,0.00,0.00,0,76.00,0.00,0.00,0.00,0.00,0.00,0.00,76.00,0.00,0.00,0.00,0.00,0.00,0.00
6,10,7,1,0.00,0.00,0.00,0.00,0.00,0.00,0.00,0.00,0.00,0.00,0.00,0.00,0.00,0,68.00,0.00,0.00,0.00,0.00,0.00,0.00,68.00,0.00,0.00,0.00,0.00,0.00,0.00
6,10,8,1,0.00,0.00,0.00,0.00,0.00,0.00,0.00,0.00,0.00,0.00,0.00,0.00,0.00,0,114.00,0.00,0.00,0.00,0.00,0.00,0.00,114.00,0.00,0.00,0.00,0.00,0.00,0.00
6,10,9,1,0.00,0.00,0.00,0.00,0.00,0.00,0.00,0.00,0.00,0.00,0.00,0.00,0.00,0,101.00,0.00,0.00,0.00,0.00,0.00,0.00,101.00,0.00,0.00,0.00,0.00,0.00,0.00
6,10,10,1,0.00,0.00,0.00,0.00,0.00,0.00,0.00,0.00,0.00,0.00,0.00,0.00,0.00,0,81.00,0.00,0.00,0.00,0.00,0.00,0.00,81.00,0.00,0.00,0.00,0.00,0.00,0.00
7,3,1,1,0.00,0.00,0.00,0.00,0.00,0.00,0.00,0.00,0.00,0.00,0.00,0.00,0.00,0,106.00,0.00,0.00,0.00,0.00,0.00,0.00,106.00,0.00,0.00,0.00,0.00,0.00,0.00
7,3,2,1,0.00,0.00,0.00,0.00,0.00,0.00,0.00,0.00,0.00,0.00,0.00,0.00,0.00,0,83.00,0.00,0.00,0.00,0.00,0.00,0.00,83.00,0.00,0.00,0.00,0.00,0.00,0.00
7,3,3,1,0.00,0.00,0.00,0.00,0.00,0.00,0.00,0.00,0.00,0.00,0.00,0.00,0.00,0,74.00,0.00,0.00,0.00,0.00,0.00,0.00,74.00,0.00,0.00,0.00,0.00,0.00,0.00
7,3,4,1,0.00,0.00,0.00,0.00,0.00,0.00,0.00,0.00,0.00,0.00,0.00,0.00,0.00,0,40.00,0.00,0.00,0.00,0.00,0.00,0.00,40.00,0.00,0.00,0.00,0.00,0.00,0.00
7,3,5,1,0.00,0.00,0.00,0.00,0.00,0.00,0.00,0.00,0.00,0.00,0.00,0.00,0.00,0,66.00,0.00,0.00,0.00,0.00,0.00,0.00,66.00,0.00,0.00,0.00,0.00,0.00,0.00
7,3,6,1,0.00,0.00,0.00,0.00,0.00,0.00,0.00,0.00,0.00,0.00,0.00,0.00,0.00,0,76.00,0.00,0.00,0.00,0.00,0.00,0.00,76.00,0.00,0.00,0.00,0.00,0.00,0.00
7,3,7,1,0.00,0.00,0.00,0.00,0.00,0.00,0.00,0.00,0.00,0.00,0.00,0.00,0.00,0,68.00,0.00,0.00,0.00,0.00,0.00,0.00,68.00,0.00,0.00,0.00,0.00,0.00,0.00
7,3,8,1,0.00,0.00,0.00,0.00,0.00,0.00,0.00,0.00,0.00,0.00,0.00,0.00,0.00,0,114.00,0.00,0.00,0.00,0.00,0.00,0.00,114.00,0.00,0.00,0.00,0.00,0.00,0.00
7,3,9,1,0.00,0.00,0.00,0.00,0.00,0.00,0.00,0.00,0.00,0.00,0.00,0.00,0.00,0,101.00,0.00,0.00,0.00,0.00,0.00,0.00,101.00,0.00,0.00,0.00,0.00,0.00,0.00
7,3,10,1,0.00,0.00,0.00,0.00,0.00,0.00,0.00,0.00,0.00,0.00,0.00,0.00,0.00,0,81.00,0.00,0.00,0.00,0.00,0.00,0.00,81.00,0.00,0.00,0.00,0.00,0.00,0.00
7,4,1,1,0.00,0.00,0.00,0.00,0.00,0.00,0.00,0.00,0.00,0.00,0.00,0.00,0.00,0,106.00,0.00,0.00,0.00,0.00,0.00,0.00,106.00,0.00,0.00,0.00,0.00,0.00,0.00
7,4,2,1,0.00,0.00,0.00,0.00,0.00,0.00,0.00,0.00,0.00,0.00,0.00,0.00,0.00,0,83.00,0.00,0.00,0.00,0.00,0.00,0.00,83.00,0.00,0.00,0.00,0.00,0.00,0.00
7,4,3,1,0.00,0.00,0.00,0.00,0.00,0.00,0.00,0.00,0.00,0.00,0.00,0.00,0.00,0,74.00,0.00,0.00,0.00,0.00,0.00,0.00,74.00,0.00,0.00,0.00,0.00,0.00,0.00
7,4,4,1,0.00,0.00,0.00,0.00,0.00,0.00,0.00,0.00,0.00,0.00,0.00,0.00,0.00,0,40.00,0.00,0.00,0.00,0.00,0.00,0.00,40.00,0.00,0.00,0.00,0.00,0.00,0.00
7,4,5,1,0.00,0.00,0.00,0.00,0.00,0.00,0.00,0.00,0.00,0.00,0.00,0.00,0.00,0,66.00,0.00,0.00,0.00,0.00,0.00,0.00,66.00,0.00,0.00,0.00,0.00,0.00,0.00
7,4,6,1,0.00,0.00,0.00,0.00,0.00,0.00,0.00,0.00,0.00,0.00,0.00,0.00,0.00,0,76.00,0.00,0.00,0.00,0.00,0.00,0.00,76.00,0.00,0.00,0.00,0.00,0.00,0.00
7,4,7,1,0.00,0.00,0.00,0.00,0.00,0.00,0.00,0.00,0.00,0.00,0.00,0.00,0.00,0,68.00,0.00,0.00,0.00,0.00,0.00,0.00,68.00,0.00,0.00,0.00,0.00,0.00,0.00
7,4,8,1,0.00,0.00,0.00,0.00,0.00,0.00,0.00,0.00,0.00,0.00,0.00,0.00,0.00,0,114.00,0.00,0.00,0.00,0.00,0.00,0.00,114.00,0.00,0.00,0.00,0.00,0.00,0.00
7,4,9,1,0.00,0.00,0.00,0.00,0.00,0.00,0.00,0.00,0.00,0.00,0.00,0.00,0.00,0,101.00,0.00,0.00,0.00,0.00,0.00,0.00,101.00,0.00,0.00,0.00,0.00,0.00,0.00
7,4,10,1,0.00,0.00,0.00,0.00,0.00,0.00,0.00,0.00,0.00,0.00,0.00,0.00,0.00,0,81.00,0.00,0.00,0.00,0.00,0.00,0.00,81.00,0.00,0.00,0.00,0.00,0.00,0.00
7,5,1,1,0.00,0.00,0.00,0.00,0.00,0.00,0.00,0.00,0.00,0.00,0.00,0.00,0.00,0,106.00,0.00,0.00,0.00,0.00,0.00,0.00,106.00,0.00,0.00,0.00,0.00,0.00,0.00
7,5,2,1,0.00,0.00,0.00,0.00,0.00,0.00,0.00,0.00,0.00,0.00,0.00,0.00,0.00,0,83.00,0.00,0.00,0.00,0.00,0.00,0.00,83.00,0.00,0.00,0.00,0.00,0.00,0.00
7,5,3,1,0.00,0.00,0.00,0.00,0.00,0.00,0.00,0.00,0.00,0.00,0.00,0.00,0.00,0,74.00,0.00,0.00,0.00,0.00,0.00,0.00,74.00,0.00,0.00,0.00,0.00,0.00,0.00
7,5,4,1,0.00,0.00,0.00,0.00,0.00,0.00,0.00,0.00,0.00,0.00,0.00,0.00,0.00,0,40.00,0.00,0.00,0.00,0.00,0.00,0.00,40.00,0.00,0.00,0.00,0.00,0.00,0.00
7,5,5,1,0.00,0.00,0.00,0.00,0.00,0.00,0.00,0.00,0.00,0.00,0.00,0.00,0.00,0,66.00,0.00,0.00,0.00,0.00,0.00,0.00,66.00,0.00,0.00,0.00,0.00,0.00,0.00
7,5,6,1,0.00,0.00,0.00,0.00,0.00,0.00,0.00,0.00,0.00,0.00,0.00,0.00,0.00,0,76.00,0.00,0.00,0.00,0.00,0.00,0.00,76.00,0.00,0.00,0.00,0.00,0.00,0.00
7,5,7,1,0.00,0.00,0.00,0.00,0.00,0.00,0.00,0.00,0.00,0.00,0.00,0.00,0.00,0,68.00,0.00,0.00,0.00,0.00,0.00,0.00,68.00,0.00,0.00,0.00,0.00,0.00,0.00
7,5,8,1,0.00,0.00,0.00,0.00,0.00,0.00,0.00,0.00,0.00,0.00,0.00,0.00,0.00,0,114.00,0.00,0.00,0.00,0.00,0.00,0.00,114.00,0.00,0.00,0.00,0.00,0.00,0.00
7,5,9,1,0.00,0.00,0.00,0.00,0.00,0.00,0.00,0.00,0.00,0.00,0.00,0.00,0.00,0,101.00,0.00,0.00,0.00,0.00,0.00,0.00,101.00,0.00,0.00,0.00,0.00,0.00,0.00
7,5,10,1,0.00,0.00,0.00,0.00,0.00,0.00,0.00,0.00,0.00,0.00,0.00,0.00,0.00,0,81.00,0.00,0.00,0.00,0.00,0.00,0.00,81.00,0.00,0.00,0.00,0.00,0.00,0.00
7,6,1,1,0.00,0.00,0.00,0.00,0.00,0.00,0.00,0.00,0.00,0.00,0.00,0.00,0.00,0,106.00,0.00,0.00,0.00,0.00,0.00,0.00,106.00,0.00,0.00,0.00,0.00,0.00,0.00
7,6,2,1,0.00,0.00,0.00,0.00,0.00,0.00,0.00,0.00,0.00,0.00,0.00,0.00,0.00,0,83.00,0.00,0.00,0.00,0.00,0.00,0.00,83.00,0.00,0.00,0.00,0.00,0.00,0.00
7,6,3,1,0.00,0.00,0.00,0.00,0.00,0.00,0.00,0.00,0.00,0.00,0.00,0.00,0.00,0,74.00,0.00,0.00,0.00,0.00,0.00,0.00,74.00,0.00,0.00,0.00,0.00,0.00,0.00
7,6,4,1,0.00,0.00,0.00,0.00,0.00,0.00,0.00,0.00,0.00,0.00,0.00,0.00,0.00,0,40.00,0.00,0.00,0.00,0.00,0.00,0.00,40.00,0.00,0.00,0.00,0.00,0.00,0.00
7,6,5,1,0.00,0.00,0.00,0.00,0.00,0.00,0.00,0.00,0.00,0.00,0.00,0.00,0.00,0,66.00,0.00,0.00,0.00,0.00,0.00,0.00,66.00,0.00,0.00,0.00,0.00,0.00,0.00
7,6,6,1,0.00,0.00,0.00,0.00,0.00,0.00,0.00,0.00,0.00,0.00,0.00,0.00,0.00,0,76.00,0.00,0.00,0.00,0.00,0.00,0.00,76.00,0.00,0.00,0.00,0.00,0.00,0.00
7,6,7,1,0.00,0.00,0.00,0.00,0.00,0.00,0.00,0.00,0.00,0.00,0.00,0.00,0.00,0,68.00,0.00,0.00,0.00,0.00,0.00,0.00,68.00,0.00,0.00,0.00,0.00,0.00,0.00
7,6,8,1,0.00,0.00,0.00,0.00,0.00,0.00,0.00,0.00,0.00,0.00,0.00,0.00,0.00,0,114.00,0.00,0.00,0.00,0.00,0.00,0.00,114.00,0.00,0.00,0.00,0.00,0.00,0.00
7,6,9,1,0.00,0.00,0.00,0.00,0.00,0.00,0.00,0.00,0.00,0.00,0.00,0.00,0.00,0,101.00,0.00,0.00,0.00,0.00,0.00,0.00,101.00,0.00,0.00,0.00,0.00,0.00,0.00
7,6,10,1,0.00,0.00,0.00,0.00,0.00,0.00,0.00,0.00,0.00,0.00,0.00,0.00,0.00,0,81.00,0.00,0.00,0.00,0.00,0.00,0.00,81.00,0.00,0.00,0.00,0.00,0.00,0.00
8,6,1,1,0.00,0.00,0.00,0.00,0.00,0.00,0.00,0.00,0.00,0.00,0.00,0.00,0.00,0,106.00,0.00,0.00,0.00,0.00,0.00,0.00,106.00,0.00,0.00,0.00,0.00,0.00,0.00
8,6,2,1,0.00,0.00,0.00,0.00,0.00,0.00,0.00,0.00,0.00,0.00,0.00,0.00,0.00,0,83.00,0.00,0.00,0.00,0.00,0.00,0.00,83.00,0.00,0.00,0.00,0.00,0.00,0.00
8,6,3,1,0.00,0.00,0.00,0.00,0.00,0.00,0.00,0.00,0.00,0.00,0.00,0.00,0.00,0,74.00,0.00,0.00,0.00,0.00,0.00,0.00,74.00,0.00,0.00,0.00,0.00,0.00,0.00
8,6,4,1,0.00,0.00,0.00,0.00,0.00,0.00,0.00,0.00,0.00,0.00,0.00,0.00,0.00,0,40.00,0.00,0.00,0.00,0.00,0.00,0.00,40.00,0.00,0.00,0.00,0.00,0.00,0.00
8,6,5,1,0.00,0.00,0.00,0.00,0.00,0.00,0.00,0.00,0.00,0.00,0.00,0.00,0.00,0,66.00,0.00,0.00,0.00,0.00,0.00,0.00,66.00,0.00,0.00,0.00,0.00,0.00,0.00
8,6,6,1,0.00,0.00,0.00,0.00,0.00,0.00,0.00,0.00,0.00,0.00,0.00,0.00,0.00,0,76.00,0.00,0.00,0.00,0.00,0.00,0.00,76.00,0.00,0.00,0.00,0.00,0.00,0.00
8,6,7,1,0.00,0.00,0.00,0.00,0.00,0.00,0.00,0.00,0.00,0.00,0.00,0.00,0.00,0,68.00,0.00,0.00,0.00,0.00,0.00,0.00,68.00,0.00,0.00,0.00,0.00,0.00,0.00
8,6,8,1,0.00,0.00,0.00,0.00,0.00,0.00,0.00,0.00,0.00,0.00,0.00,0.00,0.00,0,114.00,0.00,0.00,0.00,0.00,0.00,0.00,114.00,0.00,0.00,0.00,0.00,0.00,0.00
8,6,9,1,0.00,0.00,0.00,0.00,0.00,0.00,0.00,0.00,0.00,0.00,0.00,0.00,0.00,0,101.00,0.00,0.00,0.00,0.00,0.00,0.00,101.00,0.00,0.00,0.00,0.00,0.00,0.00
8,6,10,1,0.00,0.00,0.00,0.00,0.00,0.00,0.00,0.00,0.00,0.00,0.00,0.00,0.00,0,81.00,0.00,0.00,0.00,0.00,0.00,0.00,81.00,0.00,0.00,0.00,0.00,0.00,0.00
8,7,1,1,0.00,0.00,0.00,0.00,0.00,0.00,0.00,0.00,0.00,0.00,0.00,0.00,0.00,0,106.00,0.00,0.00,0.00,0.00,0.00,0.00,106.00,0.00,0.00,0.00,0.00,0.00,0.00
8,7,2,1,0.00,0.00,0.00,0.00,0.00,0.00,0.00,0.00,0.00,0.00,0.00,0.00,0.00,0,83.00,0.00,0.00,0.00,0.00,0.00,0.00,83.00,0.00,0.00,0.00,0.00,0.00,0.00
8,7,3,1,0.00,0.00,0.00,0.00,0.00,0.00,0.00,0.00,0.00,0.00,0.00,0.00,0.00,0,74.00,0.00,0.00,0.00,0.00,0.00,0.00,74.00,0.00,0.00,0.00,0.00,0.00,0.00
8,7,4,1,0.00,0.00,0.00,0.00,0.00,0.00,0.00,0.00,0.00,0.00,0.00,0.00,0.00,0,40.00,0.00,0.00,0.00,0.00,0.00,0.00,40.00,0.00,0.00,0.00,0.00,0.00,0.00
8,7,5,1,0.00,0.00,0.00,0.00,0.00,0.00,0.00,0.00,0.00,0.00,0.00,0.00,0.00,0,66.00,0.00,0.00,0.00,0.00,0.00,0.00,66.00,0.00,0.00,0.00,0.00,0.00,0.00
8,7,6,1,0.00,0.00,0.00,0.00,0.00,0.00,0.00,0.00,0.00,0.00,0.00,0.00,0.00,0,76.00,0.00,0.00,0.00,0.00,0.00,0.00,76.00,0.00,0.00,0.00,0.00,0.00,0.00
8,7,7,1,0.00,0.00,0.00,0.00,0.00,0.00,0.00,0.00,0.00,0.00,0.00,0.00,0.00,0,68.00,0.00,0.00,0.00,0.00,0.00,0.00,68.00,0.00,0.00,0.00,0.00,0.00,0.00
8,7,8,1,0.00,0.00,0.00,0.00,0.00,0.00,0.00,0.00,0.00,0.00,0.00,0.00,0.00,0,114.00,0.00,0.00,0.00,0.00,0.00,0.00,114.00,0.00,0.00,0.00,0.00,0.00,0.00
8,7,9,1,0.00,0.00,0.00,0.00,0.00,0.00,0.00,0.00,0.00,0.00,0.00,0.00,0.00,0,101.00,0.00,0.00,0.00,0.00,0.00,0.00,101.00,0.00,0.00,0.00,0.00,0.00,0.00
8,7,10,1,0.00,0.00,0.00,0.00,0.00,0.00,0.00,0.00,0.00,0.00,0.00,0.00,0.00,0,81.00,0.00,0.00,0.00,0.00,0.00,0.00,81.00,0.00,0.00,0.00,0.00,0.00,0.00
9,8,1,1,0.00,0.00,0.00,0.00,0.00,0.00,0.00,0.00,0.00,0.00,0.00,0.00,0.00,0,106.00,0.00,0.00,0.00,0.00,0.00,0.00,106.00,0.00,0.00,0.00,0.00,0.00,0.00
9,8,2,1,0.00,0.00,0.00,0.00,0.00,0.00,0.00,0.00,0.00,0.00,0.00,0.00,0.00,0,83.00,0.00,0.00,0.00,0.00,0.00,0.00,83.00,0.00,0.00,0.00,0.00,0.00,0.00
9,8,3,1,0.00,0.00,0.00,0.00,0.00,0.00,0.00,0.00,0.00,0.00,0.00,0.00,0.00,0,74.00,0.00,0.00,0.00,0.00,0.00,0.00,74.00,0.00,0.00,0.00,0.00,0.00,0.00
9,8,4,1,0.00,0.00,0.00,0.00,0.00,0.00,0.00,0.00,0.00,0.00,0.00,0.00,0.00,0,40.00,0.00,0.00,0.00,0.00,0.00,0.00,40.00,0.00,0.00,0.00,0.00,0.00,0.00
9,8,5,1,0.00,0.00,0.00,0.00,0.00,0.00,0.00,0.00,0.00,0.00,0.00,0.00,0.00,0,66.00,0.00,0.00,0.00,0.00,0.00,0.00,66.00,0.00,0.00,0.00,0.00,0.00,0.00
9,8,6,1,0.00,0.00,0.00,0.00,0.00,0.00,0.00,0.00,0.00,0.00,0.00,0.00,0.00,0,76.00,0.00,0.00,0.00,0.00,0.00,0.00,76.00,0.00,0.00,0.00,0.00,0.00,0.00
9,8,7,1,0.00,0.00,0.00,0.00,0.00,0.00,0.00,0.00,0.00,0.00,0.00,0.00,0.00,0,68.00,0.00,0.00,0.00,0.00,0.00,0.00,68.00,0.00,0.00,0.00,0.00,0.00,0.00
9,8,8,1,0.00,0.00,0.00,0.00,0.00,0.00,0.00,0.00,0.00,0.00,0.00,0.00,0.00,0,114.00,0.00,0.00,0.00,0.00,0.00,0.00,114.00,0.00,0.00,0.00,0.00,0.00,0.00
9,8,9,1,0.00,0.00,0.00,0.00,0.00,0.00,0.00,0.00,0.00,0.00,0.00,0.00,0.00,0,101.00,0.00,0.00,0.00,0.00,0.00,0.00,101.00,0.00,0.00,0.00,0.00,0.00,0.00
9,8,10,1,0.00,0.00,0.00,0.00,0.00,0.00,0.00,0.00,0.00,0.00,0.00,0.00,0.00,0,81.00,0.00,0.00,0.00,0.00,0.00,0.00,81.00,0.00,0.00,0.00,0.00,0.00,0.00
9,9,1,1,0.00,0.00,0.00,0.00,0.00,0.00,0.00,0.00,0.00,0.00,0.00,0.00,0.00,0,106.00,0.00,0.00,0.00,0.00,0.00,0.00,106.00,0.00,0.00,0.00,0.00,0.00,0.00
9,9,2,1,0.00,0.00,0.00,0.00,0.00,0.00,0.00,0.00,0.00,0.00,0.00,0.00,0.00,0,83.00,0.00,0.00,0.00,0.00,0.00,0.00,83.00,0.00,0.00,0.00,0.00,0.00,0.00
9,9,3,1,0.00,0.00,0.00,0.00,0.00,0.00,0.00,0.00,0.00,0.00,0.00,0.00,0.00,0,74.00,0.00,0.00,0.00,0.00,0.00,0.00,74.00,0.00,0.00,0.00,0.00,0.00,0.00
9,9,4,1,0.00,0.00,0.00,0.00,0.00,0.00,0.00,0.00,0.00,0.00,0.00,0.00,0.00,0,40.00,0.00,0.00,0.00,0.00,0.00,0.00,40.00,0.00,0.00,0.00,0.00,0.00,0.00
9,9,5,1,0.00,0.00,0.00,0.00,0.00,0.00,0.00,0.00,0.00,0.00,0.00,0.00,0.00,0,66.00,0.00,0.00,0.00,0.00,0.00,0.00,66.00,0.00,0.00,0.00,0.00,0.00,0.00
9,9,6,1,0.00,0.00,0.00,0.00,0.00,0.00,0.00,0.00,0.00,0.00,0.00,0.00,0.00,0,76.00,0.00,0.00,0.00,0.00,0.00,0.00,76.00,0.00,0.00,0.00,0.00,0.00,0.00
9,9,7,1,0.00,0.00,0.00,0.00,0.00,0.00,0.00,0.00,0.00,0.00,0.00,0.00,0.00,0,68.00,0.00,0.00,0.00,0.00,0.00,0.00,68.00,0.00,0.00,0.00,0.00,0.00,0.00
9,9,8,1,0.00,0.00,0.00,0.00,0.00,0.00,0.00,0.00,0.00,0.00,0.00,0.00,0.00,0,114.00,0.00,0.00,0.00,0.00,0.00,0.00,114.00,0.00,0.00,0.00,0.00,0.00,0.00
9,9,9,1,0.00,0.00,0.00,0.00,0.00,0.00,0.00,0.00,0.00,0.00,0.00,0.00,0.00,0,101.00,0.00,0.00,0.00,0.00,0.00,0.00,101.00,0.00,0.00,0.00,0.00,0.00,0.00
9,9,10,1,0.00,0.00,0.00,0.00,0.00,0.00,0.00,0.00,0.00,0.00,0.00,0.00,0.00,0,81.00,0.00,0.00,0.00,0.00,0.00,0.00,81.00,0.00,0.00,0.00,0.00,0.00,0.00
9,10,1,1,0.00,0.00,0.00,0.00,0.00,0.00,0.00,0.00,0.00,0.00,0.00,0.00,0.00,0,106.00,0.00,0.00,0.00,0.00,0.00,0.00,106.00,0.00,0.00,0.00,0.00,0.00,0.00
9,10,2,1,0.00,0.00,0.00,0.00,0.00,0.00,0.00,0.00,0.00,0.00,0.00,0.00,0.00,0,83.00,0.00,0.00,0.00,0.00,0.00,0.00,83.00,0.00,0.00,0.00,0.00,0.00,0.00
9,10,3,1,0.00,0.00,0.00,0.00,0.00,0.00,0.00,0.00,0.00,0.00,0.00,0.00,0.00,0,74.00,0.00,0.00,0.00,0.00,0.00,0.00,74.00,0.00,0.00,0.00,0.00,0.00,0.00
9,10,4,1,0.00,0.00,0.00,0.00,0.00,0.00,0.00,0.00,0.00,0.00,0.00,0.00,0.00,0,40.00,0.00,0.00,0.00,0.00,0.00,0.00,40.00,0.00,0.00,0.00,0.00,0.00,0.00
9,10,5,1,0.00,0.00,0.00,0.00,0.00,0.00,0.00,0.00,0.00,0.00,0.00,0.00,0.00,0,66.00,0.00,0.00,0.00,0.00,0.00,0.00,66.00,0.00,0.00,0.00,0.00,0.00,0.00
9,10,6,1,0.00,0.00,0.00,0.00,0.00,0.00,0.00,0.00,0.00,0.00,0.00,0.00,0.00,0,76.00,0.00,0.00,0.00,0.00,0.00,0.00,76.00,0.00,0.00,0.00,0.00,0.00,0.00
9,10,7,1,0.00,0.00,0.00,0.00,0.00,0.00,0.00,0.00,0.00,0.00,0.00,0.00,0.00,0,68.00,0.00,0.00,0.00,0.00,0.00,0.00,68.00,0.00,0.00,0.00,0.00,0.00,0.00
9,10,8,1,0.00,0.00,0.00,0.00,0.00,0.00,0.00,0.00,0.00,0.00,0.00,0.00,0.00,0,114.00,0.00,0.00,0.00,0.00,0.00,0.00,114.00,0.00,0.00,0.00,0.00,0.00,0.00
9,10,9,1,0.00,0.00,0.00,0.00,0.00,0.00,0.00,0.00,0.00,0.00,0.00,0.00,0.00,0,101.00,0.00,0.00,0.00,0.00,0.00,0.00,101.00,0.00,0.00,0.00,0.00,0.00,0.00
9,10,10,1,0.00,0.00,0.00,0.00,0.00,0.00,0.00,0.00,0.00,0.00,0.00,0.00,0.00,0,81.00,0.00,0.00,0.00,0.00,0.00,0.00,81.00,0.00,0.00,0.00,0.00,0.00,0.00
9,11,1,1,0.00,0.00,0.00,0.00,0.00,0.00,0.00,0.00,0.00,0.00,0.00,0.00,0.00,0,106.00,0.00,0.00,0.00,0.00,0.00,0.00,106.00,0.00,0.00,0.00,0.00,0.00,0.00
9,11,2,1,0.00,0.00,0.00,0.00,0.00,0.00,0.00,0.00,0.00,0.00,0.00,0.00,0.00,0,83.00,0.00,0.00,0.00,0.00,0.00,0.00,83.00,0.00,0.00,0.00,0.00,0.00,0.00
9,11,3,1,0.00,0.00,0.00,0.00,0.00,0.00,0.00,0.00,0.00,0.00,0.00,0.00,0.00,0,74.00,0.00,0.00,0.00,0.00,0.00,0.00,74.00,0.00,0.00,0.00,0.00,0.00,0.00
9,11,4,1,0.00,0.00,0.00,0.00,0.00,0.00,0.00,0.00,0.00,0.00,0.00,0.00,0.00,0,40.00,0.00,0.00,0.00,0.00,0.00,0.00,40.00,0.00,0.00,0.00,0.00,0.00,0.00
9,11,5,1,0.00,0.00,0.00,0.00,0.00,0.00,0.00,0.00,0.00,0.00,0.00,0.00,0.00,0,66.00,0.00,0.00,0.00,0.00,0.00,0.00,66.00,0.00,0.00,0.00,0.00,0.00,0.00
9,11,6,1,0.00,0.00,0.00,0.00,0.00,0.00,0.00,0.00,0.00,0.00,0.00,0.00,0.00,0,76.00,0.00,0.00,0.00,0.00,0.00,0.00,76.00,0.00,0.00,0.00,0.00,0.00,0.00
9,11,7,1,0.00,0.00,0.00,0.00,0.00,0.00,0.00,0.00,0.00,0.00,0.00,0.00,0.00,0,68.00,0.00,0.00,0.00,0.00,0.00,0.00,68.00,0.00,0.00,0.00,0.00,0.00,0.00
9,11,8,1,0.00,0.00,0.00,0.00,0.00,0.00,0.00,0.00,0.00,0.00,0.00,0.00,0.00,0,114.00,0.00,0.00,0.00,0.00,0.00,0.00,114.00,0.00,0.00,0.00,0.00,0.00,0.00
9,11,9,1,0.00,0.00,0.00,0.00,0.00,0.00,0.00,0.00,0.00,0.00,0.00,0.00,0.00,0,101.00,0.00,0.00,0.00,0.00,0.00,0.00,101.00,0.00,0.00,0.00,0.00,0.00,0.00
9,11,10,1,0.00,0.00,0.00,0.00,0.00,0.00,0.00,0.00,0.00,0.00,0.00,0.00,0.00,0,81.00,0.00,0.00,0.00,0.00,0.00,0.00,81.00,0.00,0.00,0.00,0.00,0.00,0.00
9,13,1,1,0.00,0.00,0.00,0.00,0.00,0.00,0.00,0.00,0.00,0.00,0.00,0.00,0.00,0,106.00,0.00,0.00,0.00,0.00,0.00,0.00,106.00,0.00,0.00,0.00,0.00,0.00,0.00
9,13,2,1,0.00,0.00,0.00,0.00,0.00,0.00,0.00,0.00,0.00,0.00,0.00,0.00,0.00,0,83.00,0.00,0.00,0.00,0.00,0.00,0.00,83.00,0.00,0.00,0.00,0.00,0.00,0.00
9,13,3,1,0.00,0.00,0.00,0.00,0.00,0.00,0.00,0.00,0.00,0.00,0.00,0.00,0.00,0,74.00,0.00,0.00,0.00,0.00,0.00,0.00,74.00,0.00,0.00,0.00,0.00,0.00,0.00
9,13,4,1,0.00,0.00,0.00,0.00,0.00,0.00,0.00,0.00,0.00,0.00,0.00,0.00,0.00,0,40.00,0.00,0.00,0.00,0.00,0.00,0.00,40.00,0.00,0.00,0.00,0.00,0.00,0.00
9,13,5,1,0.00,0.00,0.00,0.00,0.00,0.00,0.00,0.00,0.00,0.00,0.00,0.00,0.00,0,66.00,0.00,0.00,0.00,0.00,0.00,0.00,66.00,0.00,0.00,0.00,0.00,0.00,0.00
9,13,6,1,0.00,0.00,0.00,0.00,0.00,0.00,0.00,0.00,0.00,0.00,0.00,0.00,0.00,0,76.00,0.00,0.00,0.00,0.00,0.00,0.00,76.00,0.00,0.00,0.00,0.00,0.00,0.00
9,13,7,1,0.00,0.00,0.00,0.00,0.00,0.00,0.00,0.00,0.00,0.00,0.00,0.00,0.00,0,68.00,0.00,0.00,0.00,0.00,0.00,0.00,68.00,0.00,0.00,0.00,0.00,0.00,0.00
9,13,8,1,0.00,0.00,0.00,0.00,0.00,0.00,0.00,0.00,0.00,0.00,0.00,0.00,0.00,0,114.00,0.00,0.00,0.00,0.00,0.00,0.00,114.00,0.00,0.00,0.00,0.00,0.00,0.00
9,13,9,1,0.00,0.00,0.00,0.00,0.00,0.00,0.00,0.00,0.00,0.00,0.00,0.00,0.00,0,101.00,0.00,0.00,0.00,0.00,0.00,0.00,101.00,0.00,0.00,0.00,0.00,0.00,0.00
9,13,10,1,0.00,0.00,0.00,0.00,0.00,0.00,0.00,0.00,0.00,0.00,0.00,0.00,0.00,0,81.00,0.00,0.00,0.00,0.00,0.00,0.00,81.00,0.00,0.00,0.00,0.00,0.00,0.00
10,8,1,1,0.00,0.00,0.00,0.00,0.00,0.00,0.00,0.00,0.00,0.00,0.00,0.00,0.00,0,106.00,0.00,0.00,0.00,0.00,0.00,0.00,106.00,0.00,0.00,0.00,0.00,0.00,0.00
10,8,2,1,0.00,0.00,0.00,0.00,0.00,0.00,0.00,0.00,0.00,0.00,0.00,0.00,0.00,0,83.00,0.00,0.00,0.00,0.00,0.00,0.00,83.00,0.00,0.00,0.00,0.00,0.00,0.00
10,8,3,1,0.00,0.00,0.00,0.00,0.00,0.00,0.00,0.00,0.00,0.00,0.00,0.00,0.00,0,74.00,0.00,0.00,0.00,0.00,0.00,0.00,74.00,0.00,0.00,0.00,0.00,0.00,0.00
10,8,4,1,0.00,0.00,0.00,0.00,0.00,0.00,0.00,0.00,0.00,0.00,0.00,0.00,0.00,0,40.00,0.00,0.00,0.00,0.00,0.00,0.00,40.00,0.00,0.00,0.00,0.00,0.00,0.00
10,8,5,1,0.00,0.00,0.00,0.00,0.00,0.00,0.00,0.00,0.00,0.00,0.00,0.00,0.00,0,66.00,0.00,0.00,0.00,0.00,0.00,0.00,66.00,0.00,0.00,0.00,0.00,0.00,0.00
10,8,6,1,0.00,0.00,0.00,0.00,0.00,0.00,0.00,0.00,0.00,0.00,0.00,0.00,0.00,0,76.00,0.00,0.00,0.00,0.00,0.00,0.00,76.00,0.00,0.00,0.00,0.00,0.00,0.00
10,8,7,1,0.00,0.00,0.00,0.00,0.00,0.00,0.00,0.00,0.00,0.00,0.00,0.00,0.00,0,68.00,0.00,0.00,0.00,0.00,0.00,0.00,68.00,0.00,0.00,0.00,0.00,0.00,0.00
10,8,8,1,0.00,0.00,0.00,0.00,0.00,0.00,0.00,0.00,0.00,0.00,0.00,0.00,0.00,0,114.00,0.00,0.00,0.00,0.00,0.00,0.00,114.00,0.00,0.00,0.00,0.00,0.00,0.00
10,8,9,1,0.00,0.00,0.00,0.00,0.00,0.00,0.00,0.00,0.00,0.00,0.00,0.00,0.00,0,101.00,0.00,0.00,0.00,0.00,0.00,0.00,101.00,0.00,0.00,0.00,0.00,0.00,0.00
10,8,10,1,0.00,0.00,0.00,0.00,0.00,0.00,0.00,0.00,0.00,0.00,0.00,0.00,0.00,0,81.00,0.00,0.00,0.00,0.00,0.00,0.00,81.00,0.00,0.00,0.00,0.00,0.00,0.00
10,9,1,1,0.00,0.00,0.00,0.00,0.00,0.00,0.00,0.00,0.00,0.00,0.00,0.00,0.00,0,106.00,0.00,0.00,0.00,0.00,0.00,0.00,106.00,0.00,0.00,0.00,0.00,0.00,0.00
10,9,2,1,0.00,0.00,0.00,0.00,0.00,0.00,0.00,0.00,0.00,0.00,0.00,0.00,0.00,0,83.00,0.00,0.00,0.00,0.00,0.00,0.00,83.00,0.00,0.00,0.00,0.00,0.00,0.00
10,9,3,1,0.00,0.00,0.00,0.00,0.00,0.00,0.00,0.00,0.00,0.00,0.00,0.00,0.00,0,74.00,0.00,0.00,0.00,0.00,0.00,0.00,74.00,0.00,0.00,0.00,0.00,0.00,0.00
10,9,4,1,0.00,0.00,0.00,0.00,0.00,0.00,0.00,0.00,0.00,0.00,0.00,0.00,0.00,0,40.00,0.00,0.00,0.00,0.00,0.00,0.00,40.00,0.00,0.00,0.00,0.00,0.00,0.00
10,9,5,1,0.00,0.00,0.00,0.00,0.00,0.00,0.00,0.00,0.00,0.00,0.00,0.00,0.00,0,66.00,0.00,0.00,0.00,0.00,0.00,0.00,66.00,0.00,0.00,0.00,0.00,0.00,0.00
10,9,6,1,0.00,0.00,0.00,0.00,0.00,0.00,0.00,0.00,0.00,0.00,0.00,0.00,0.00,0,76.00,0.00,0.00,0.00,0.00,0.00,0.00,76.00,0.00,0.00,0.00,0.00,0.00,0.00
10,9,7,1,0.00,0.00,0.00,0.00,0.00,0.00,0.00,0.00,0.00,0.00,0.00,0.00,0.00,0,68.00,0.00,0.00,0.00,0.00,0.00,0.00,68.00,0.00,0.00,0.00,0.00,0.00,0.00
10,9,8,1,0.00,0.00,0.00,0.00,0.00,0.00,0.00,0.00,0.00,0.00,0.00,0.00,0.00,0,114.00,0.00,0.00,0.00,0.00,0.00,0.00,114.00,0.00,0.00,0.00,0.00,0.00,0.00
10,9,9,1,0.00,0.00,0.00,0.00,0.00,0.00,0.00,0.00,0.00,0.00,0.00,0.00,0.00,0,101.00,0.00,0.00,0.00,0.00,0.00,0.00,101.00,0.00,0.00,0.00,0.00,0.00,0.00
10,9,10,1,0.00,0.00,0.00,0.00,0.00,0.00,0.00,0.00,0.00,0.00,0.00,0.00,0.00,0,81.00,0.00,0.00,0.00,0.00,0.00,0.00,81.00,0.00,0.00,0.00,0.00,0.00,0.00
10,10,1,1,0.00,0.00,0.00,0.00,0.00,0.00,0.00,0.00,0.00,0.00,0.00,0.00,0.00,0,106.00,0.00,0.00,0.00,0.00,0.00,0.00,106.00,0.00,0.00,0.00,0.00,0.00,0.00
10,10,2,1,0.00,0.00,0.00,0.00,0.00,0.00,0.00,0.00,0.00,0.00,0.00,0.00,0.00,0,83.00,0.00,0.00,0.00,0.00,0.00,0.00,83.00,0.00,0.00,0.00,0.00,0.00,0.00
10,10,3,1,0.00,0.00,0.00,0.00,0.00,0.00,0.00,0.00,0.00,0.00,0.00,0.00,0.00,0,74.00,0.00,0.00,0.00,0.00,0.00,0.00,74.00,0.00,0.00,0.00,0.00,0.00,0.00
10,10,4,1,0.00,0.00,0.00,0.00,0.00,0.00,0.00,0.00,0.00,0.00,0.00,0.00,0.00,0,40.00,0.00,0.00,0.00,0.00,0.00,0.00,40.00,0.00,0.00,0.00,0.00,0.00,0.00
10,10,5,1,0.00,0.00,0.00,0.00,0.00,0.00,0.00,0.00,0.00,0.00,0.00,0.00,0.00,0,66.00,0.00,0.00,0.00,0.00,0.00,0.00,66.00,0.00,0.00,0.00,0.00,0.00,0.00
10,10,6,1,0.00,0.00,0.00,0.00,0.00,0.00,0.00,0.00,0.00,0.00,0.00,0.00,0.00,0,76.00,0.00,0.00,0.00,0.00,0.00,0.00,76.00,0.00,0.00,0.00,0.00,0.00,0.00
10,10,7,1,0.00,0.00,0.00,0.00,0.00,0.00,0.00,0.00,0.00,0.00,0.00,0.00,0.00,0,68.00,0.00,0.00,0.00,0.00,0.00,0.00,68.00,0.00,0.00,0.00,0.00,0.00,0.00
10,10,8,1,0.00,0.00,0.00,0.00,0.00,0.00,0.00,0.00,0.00,0.00,0.00,0.00,0.00,0,114.00,0.00,0.00,0.00,0.00,0.00,0.00,114.00,0.00,0.00,0.00,0.00,0.00,0.00
10,10,9,1,0.00,0.00,0.00,0.00,0.00,0.00,0.00,0.00,0.00,0.00,0.00,0.00,0.00,0,101.00,0.00,0.00,0.00,0.00,0.00,0.00,101.00,0.00,0.00,0.00,0.00,0.00,0.00
10,10,10,1,0.00,0.00,0.00,0.00,0.00,0.00,0.00,0.00,0.00,0.00,0.00,0.00,0.00,0,81.00,0.00,0.00,0.00,0.00,0.00,0.00,81.00,0.00,0.00,0.00,0.00,0.00,0.00
11,12,1,1,0.00,0.00,0.00,0.00,0.00,0.00,0.00,0.00,0.00,0.00,0.00,0.00,0.00,0,106.00,0.00,0.00,0.00,0.00,0.00,0.00,106.00,0.00,0.00,0.00,0.00,0.00,0.00
11,12,2,1,0.00,0.00,0.00,0.00,0.00,0.00,0.00,0.00,0.00,0.00,0.00,0.00,0.00,0,83.00,0.00,0.00,0.00,0.00,0.00,0.00,83.00,0.00,0.00,0.00,0.00,0.00,0.00
11,12,3,1,0.00,0.00,0.00,0.00,0.00,0.00,0.00,0.00,0.00,0.00,0.00,0.00,0.00,0,74.00,0.00,0.00,0.00,0.00,0.00,0.00,74.00,0.00,0.00,0.00,0.00,0.00,0.00
11,12,4,1,0.00,0.00,0.00,0.00,0.00,0.00,0.00,0.00,0.00,0.00,0.00,0.00,0.00,0,40.00,0.00,0.00,0.00,0.00,0.00,0.00,40.00,0.00,0.00,0.00,0.00,0.00,0.00
11,12,5,1,0.00,0.00,0.00,0.00,0.00,0.00,0.00,0.00,0.00,0.00,0.00,0.00,0.00,0,66.00,0.00,0.00,0.00,0.00,0.00,0.00,66.00,0.00,0.00,0.00,0.00,0.00,0.00
11,12,6,1,0.00,0.00,0.00,0.00,0.00,0.00,0.00,0.00,0.00,0.00,0.00,0.00,0.00,0,76.00,0.00,0.00,0.00,0.00,0.00,0.00,76.00,0.00,0.00,0.00,0.00,0.00,0.00
11,12,7,1,0.00,0.00,0.00,0.00,0.00,0.00,0.00,0.00,0.00,0.00,0.00,0.00,0.00,0,68.00,0.00,0.00,0.00,0.00,0.00,0.00,68.00,0.00,0.00,0.00,0.00,0.00,0.00
11,12,8,1,0.00,0.00,0.00,0.00,0.00,0.00,0.00,0.00,0.00,0.00,0.00,0.00,0.00,0,114.00,0.00,0.00,0.00,0.00,0.00,0.00,114.00,0.00,0.00,0.00,0.00,0.00,0.00
11,12,9,1,0.00,0.00,0.00,0.00,0.00,0.00,0.00,0.00,0.00,0.00,0.00,0.00,0.00,0,101.00,0.00,0.00,0.00,0.00,0.00,0.00,101.00,0.00,0.00,0.00,0.00,0.00,0.00
11,12,10,1,0.00,0.00,0.00,0.00,0.00,0.00,0.00,0.00,0.00,0.00,0.00,0.00,0.00,0,81.00,0.00,0.00,0.00,0.00,0.00,0.00,81.00,0.00,0.00,0.00,0.00,0.00,0.00
11,13,1,1,0.00,0.00,0.00,0.00,0.00,0.00,0.00,0.00,0.00,0.00,0.00,0.00,0.00,0,106.00,0.00,0.00,0.00,0.00,0.00,0.00,106.00,0.00,0.00,0.00,0.00,0.00,0.00
11,13,2,1,0.00,0.00,0.00,0.00,0.00,0.00,0.00,0.00,0.00,0.00,0.00,0.00,0.00,0,83.00,0.00,0.00,0.00,0.00,0.00,0.00,83.00,0.00,0.00,0.00,0.00,0.00,0.00
11,13,3,1,0.00,0.00,0.00,0.00,0.00,0.00,0.00,0.00,0.00,0.00,0.00,0.00,0.00,0,74.00,0.00,0.00,0.00,0.00,0.00,0.00,74.00,0.00,0.00,0.00,0.00,0.00,0.00
11,13,4,1,0.00,0.00,0.00,0.00,0.00,0.00,0.00,0.00,0.00,0.00,0.00,0.00,0.00,0,40.00,0.00,0.00,0.00,0.00,0.00,0.00,40.00,0.00,0.00,0.00,0.00,0.00,0.00
11,13,5,1,0.00,0.00,0.00,0.00,0.00,0.00,0.00,0.00,0.00,0.00,0.00,0.00,0.00,0,66.00,0.00,0.00,0.00,0.00,0.00,0.00,66.00,0.00,0.00,0.00,0.00,0.00,0.00
11,13,6,1,0.00,0.00,0.00,0.00,0.00,0.00,0.00,0.00,0.00,0.00,0.00,0.00,0.00,0,76.00,0.00,0.00,0.00,0.00,0.00,0.00,76.00,0.00,0.00,0.00,0.00,0.00,0.00
11,13,7,1,0.00,0.00,0.00,0.00,0.00,0.00,0.00,0.00,0.00,0.00,0.00,0.00,0.00,0,68.00,0.00,0.00,0.00,0.00,0.00,0.00,68.00,0.00,0.00,0.00,0.00,0.00,0.00
11,13,8,1,0.00,0.00,0.00,0.00,0.00,0.00,0.00,0.00,0.00,0.00,0.00,0.00,0.00,0,114.00,0.00,0.00,0.00,0.00,0.00,0.00,114.00,0.00,0.00,0.00,0.00,0.00,0.00
11,13,9,1,0.00,0.00,0.00,0.00,0.00,0.00,0.00,0.00,0.00,0.00,0.00,0.00,0.00,0,101.00,0.00,0.00,0.00,0.00,0.00,0.00,101.00,0.00,0.00,0.00,0.00,0.00,0.00
11,13,10,1,0.00,0.00,0.00,0.00,0.00,0.00,0.00,0.00,0.00,0.00,0.00,0.00,0.00,0,81.00,0.00,0.00,0.00,0.00,0.00,0.00,81.00,0.00,0.00,0.00,0.00,0.00,0.00
12,11,1,1,0.00,0.00,0.00,0.00,0.00,0.00,0.00,0.00,0.00,0.00,0.00,0.00,0.00,0,106.00,0.00,0.00,0.00,0.00,0.00,0.00,106.00,0.00,0.00,0.00,0.00,0.00,0.00
12,11,2,1,0.00,0.00,0.00,0.00,0.00,0.00,0.00,0.00,0.00,0.00,0.00,0.00,0.00,0,83.00,0.00,0.00,0.00,0.00,0.00,0.00,83.00,0.00,0.00,0.00,0.00,0.00,0.00
12,11,3,1,0.00,0.00,0.00,0.00,0.00,0.00,0.00,0.00,0.00,0.00,0.00,0.00,0.00,0,74.00,0.00,0.00,0.00,0.00,0.00,0.00,74.00,0.00,0.00,0.00,0.00,0.00,0.00
12,11,4,1,0.00,0.00,0.00,0.00,0.00,0.00,0.00,0.00,0.00,0.00,0.00,0.00,0.00,0,40.00,0.00,0.00,0.00,0.00,0.00,0.00,40.00,0.00,0.00,0.00,0.00,0.00,0.00
12,11,5,1,0.00,0.00,0.00,0.00,0.00,0.00,0.00,0.00,0.00,0.00,0.00,0.00,0.00,0,66.00,0.00,0.00,0.00,0.00,0.00,0.00,66.00,0.00,0.00,0.00,0.00,0.00,0.00
12,11,6,1,0.00,0.00,0.00,0.00,0.00,0.00,0.00,0.00,0.00,0.00,0.00,0.00,0.00,0,76.00,0.00,0.00,0.00,0.00,0.00,0.00,76.00,0.00,0.00,0.00,0.00,0.00,0.00
12,11,7,1,0.00,0.00,0.00,0.00,0.00,0.00,0.00,0.00,0.00,0.00,0.00,0.00,0.00,0,68.00,0.00,0.00,0.00,0.00,0.00,0.00,68.00,0.00,0.00,0.00,0.00,0.00,0.00
12,11,8,1,0.00,0.00,0.00,0.00,0.00,0.00,0.00,0.00,0.00,0.00,0.00,0.00,0.00,0,114.00,0.00,0.00,0.00,0.00,0.00,0.00,114.00,0.00,0.00,0.00,0.00,0.00,0.00
12,11,9,1,0.00,0.00,0.00,0.00,0.00,0.00,0.00,0.00,0.00,0.00,0.00,0.00,0.00,0,101.00,0.00,0.00,0.00,0.00,0.00,0.00,101.00,0.00,0.00,0.00,0.00,0.00,0.00
12,11,10,1,0.00,0.00,0.00,0.00,0.00,0.00,0.00,0.00,0.00,0.00,0.00,0.00,0.00,0,81.00,0.00,0.00,0.00,0.00,0.00,0.00,81.00,0.00,0.00,0.00,0.00,0.00,0.00
12,12,1,1,0.00,0.00,0.00,0.00,0.00,0.00,0.00,0.00,0.00,0.00,0.00,0.00,0.00,0,106.00,0.00,0.00,0.00,0.00,0.00,0.00,106.00,0.00,0.00,0.00,0.00,0.00,0.00
12,12,2,1,0.00,0.00,0.00,0.00,0.00,0.00,0.00,0.00,0.00,0.00,0.00,0.00,0.00,0,83.00,0.00,0.00,0.00,0.00,0.00,0.00,83.00,0.00,0.00,0.00,0.00,0.00,0.00
12,12,3,1,0.00,0.00,0.00,0.00,0.00,0.00,0.00,0.00,0.00,0.00,0.00,0.00,0.00,0,74.00,0.00,0.00,0.00,0.00,0.00,0.00,74.00,0.00,0.00,0.00,0.00,0.00,0.00
12,12,4,1,0.00,0.00,0.00,0.00,0.00,0.00,0.00,0.00,0.00,0.00,0.00,0.00,0.00,0,40.00,0.00,0.00,0.00,0.00,0.00,0.00,40.00,0.00,0.00,0.00,0.00,0.00,0.00
12,12,5,1,0.00,0.00,0.00,0.00,0.00,0.00,0.00,0.00,0.00,0.00,0.00,0.00,0.00,0,66.00,0.00,0.00,0.00,0.00,0.00,0.00,66.00,0.00,0.00,0.00,0.00,0.00,0.00
12,12,6,1,0.00,0.00,0.00,0.00,0.00,0.00,0.00,0.00,0.00,0.00,0.00,0.00,0.00,0,76.00,0.00,0.00,0.00,0.00,0.00,0.00,76.00,0.00,0.00,0.00,0.00,0.00,0.00
12,12,7,1,0.00,0.00,0.00,0.00,0.00,0.00,0.00,0.00,0.00,0.00,0.00,0.00,0.00,0,68.00,0.00,0.00,0.00,0.00,0.00,0.00,68.00,0.00,0.00,0.00,0.00,0.00,0.00
12,12,8,1,0.00,0.00,0.00,0.00,0.00,0.00,0.00,0.00,0.00,0.00,0.00,0.00,0.00,0,114.00,0.00,0.00,0.00,0.00,0.00,0.00,114.00,0.00,0.00,0.00,0.00,0.00,0.00
12,12,9,1,0.00,0.00,0.00,0.00,0.00,0.00,0.00,0.00,0.00,0.00,0.00,0.00,0.00,0,101.00,0.00,0.00,0.00,0.00,0.00,0.00,101.00,0.00,0.00,0.00,0.00,0.00,0.00
12,12,10,1,0.00,0.00,0.00,0.00,0.00,0.00,0.00,0.00,0.00,0.00,0.00,0.00,0.00,0,81.00,0.00,0.00,0.00,0.00,0.00,0.00,81.00,0.00,0.00,0.00,0.00,0.00,0.00
12,13,1,1,0.00,0.00,0.00,0.00,0.00,0.00,0.00,0.00,0.00,0.00,0.00,0.00,0.00,0,106.00,0.00,0.00,0.00,0.00,0.00,0.00,106.00,0.00,0.00,0.00,0.00,0.00,0.00
12,13,2,1,0.00,0.00,0.00,0.00,0.00,0.00,0.00,0.00,0.00,0.00,0.00,0.00,0.00,0,83.00,0.00,0.00,0.00,0.00,0.00,0.00,83.00,0.00,0.00,0.00,0.00,0.00,0.00
12,13,3,1,0.00,0.00,0.00,0.00,0.00,0.00,0.00,0.00,0.00,0.00,0.00,0.00,0.00,0,74.00,0.00,0.00,0.00,0.00,0.00,0.00,74.00,0.00,0.00,0.00,0.00,0.00,0.00
12,13,4,1,0.00,0.00,0.00,0.00,0.00,0.00,0.00,0.00,0.00,0.00,0.00,0.00,0.00,0,40.00,0.00,0.00,0.00,0.00,0.00,0.00,40.00,0.00,0.00,0.00,0.00,0.00,0.00
12,13,5,1,0.00,0.00,0.00,0.00,0.00,0.00,0.00,0.00,0.00,0.00,0.00,0.00,0.00,0,66.00,0.00,0.00,0.00,0.00,0.00,0.00,66.00,0.00,0.00,0.00,0.00,0.00,0.00
12,13,6,1,0.00,0.00,0.00,0.00,0.00,0.00,0.00,0.00,0.00,0.00,0.00,0.00,0.00,0,76.00,0.00,0.00,0.00,0.00,0.00,0.00,76.00,0.00,0.00,0.00,0.00,0.00,0.00
12,13,7,1,0.00,0.00,0.00,0.00,0.00,0.00,0.00,0.00,0.00,0.00,0.00,0.00,0.00,0,68.00,0.00,0.00,0.00,0.00,0.00,0.00,68.00,0.00,0.00,0.00,0.00,0.00,0.00
12,13,8,1,0.00,0.00,0.00,0.00,0.00,0.00,0.00,0.00,0.00,0.00,0.00,0.00,0.00,0,114.00,0.00,0.00,0.00,0.00,0.00,0.00,114.00,0.00,0.00,0.00,0.00,0.00,0.00
12,13,9,1,0.00,0.00,0.00,0.00,0.00,0.00,0.00,0.00,0.00,0.00,0.00,0.00,0.00,0,101.00,0.00,0.00,0.00,0.00,0.00,0.00,101.00,0.00,0.00,0.00,0.00,0.00,0.00
12,13,10,1,0.00,0.00,0.00,0.00,0.00,0.00,0.00,0.00,0.00,0.00,0.00,0.00,0.00,0,81.00,0.00,0.00,0.00,0.00,0.00,0.00,81.00,0.00,0.00,0.00,0.00,0.00,0.00
13,11,1,1,0.00,0.00,0.00,0.00,0.00,0.00,0.00,0.00,0.00,0.00,0.00,0.00,0.00,0,106.00,0.00,0.00,0.00,0.00,0.00,0.00,106.00,0.00,0.00,0.00,0.00,0.00,0.00
13,11,2,1,0.00,0.00,0.00,0.00,0.00,0.00,0.00,0.00,0.00,0.00,0.00,0.00,0.00,0,83.00,0.00,0.00,0.00,0.00,0.00,0.00,83.00,0.00,0.00,0.00,0.00,0.00,0.00
13,11,3,1,0.00,0.00,0.00,0.00,0.00,0.00,0.00,0.00,0.00,0.00,0.00,0.00,0.00,0,74.00,0.00,0.00,0.00,0.00,0.00,0.00,74.00,0.00,0.00,0.00,0.00,0.00,0.00
13,11,4,1,0.00,0.00,0.00,0.00,0.00,0.00,0.00,0.00,0.00,0.00,0.00,0.00,0.00,0,40.00,0.00,0.00,0.00,0.00,0.00,0.00,40.00,0.00,0.00,0.00,0.00,0.00,0.00
13,11,5,1,0.00,0.00,0.00,0.00,0.00,0.00,0.00,0.00,0.00,0.00,0.00,0.00,0.00,0,66.00,0.00,0.00,0.00,0.00,0.00,0.00,66.00,0.00,0.00,0.00,0.00,0.00,0.00
13,11,6,1,0.00,0.00,0.00,0.00,0.00,0.00,0.00,0.00,0.00,0.00,0.00,0.00,0.00,0,76.00,0.00,0.00,0.00,0.00,0.00,0.00,76.00,0.00,0.00,0.00,0.00,0.00,0.00
13,11,7,1,0.00,0.00,0.00,0.00,0.00,0.00,0.00,0.00,0.00,0.00,0.00,0.00,0.00,0,68.00,0.00,0.00,0.00,0.00,0.00,0.00,68.00,0.00,0.00,0.00,0.00,0.00,0.00
13,11,8,1,0.00,0.00,0.00,0.00,0.00,0.00,0.00,0.00,0.00,0.00,0.00,0.00,0.00,0,114.00,0.00,0.00,0.00,0.00,0.00,0.00,114.00,0.00,0.00,0.00,0.00,0.00,0.00
13,11,9,1,0.00,0.00,0.00,0.00,0.00,0.00,0.00,0.00,0.00,0.00,0.00,0.00,0.00,0,101.00,0.00,0.00,0.00,0.00,0.00,0.00,101.00,0.00,0.00,0.00,0.00,0.00,0.00
13,11,10,1,0.00,0.00,0.00,0.00,0.00,0.00,0.00,0.00,0.00,0.00,0.00,0.00,0.00,0,81.00,0.00,0.00,0.00,0.00,0.00,0.00,81.00,0.00,0.00,0.00,0.00,0.00,0.00
13,12,1,1,0.00,0.00,0.00,0.00,0.00,0.00,0.00,0.00,0.00,0.00,0.00,0.00,0.00,0,106.00,0.00,0.00,0.00,0.00,0.00,0.00,106.00,0.00,0.00,0.00,0.00,0.00,0.00
13,12,2,1,0.00,0.00,0.00,0.00,0.00,0.00,0.00,0.00,0.00,0.00,0.00,0.00,0.00,0,83.00,0.00,0.00,0.00,0.00,0.00,0.00,83.00,0.00,0.00,0.00,0.00,0.00,0.00
13,12,3,1,0.00,0.00,0.00,0.00,0.00,0.00,0.00,0.00,0.00,0.00,0.00,0.00,0.00,0,74.00,0.00,0.00,0.00,0.00,0.00,0.00,74.00,0.00,0.00,0.00,0.00,0.00,0.00
13,12,4,1,0.00,0.00,0.00,0.00,0.00,0.00,0.00,0.00,0.00,0.00,0.00,0.00,0.00,0,40.00,0.00,0.00,0.00,0.00,0.00,0.00,40.00,0.00,0.00,0.00,0.00,0.00,0.00
13,12,5,1,0.00,0.00,0.00,0.00,0.00,0.00,0.00,0.00,0.00,0.00,0.00,0.00,0.00,0,66.00,0.00,0.00,0.00,0.00,0.00,0.00,66.00,0.00,0.00,0.00,0.00,0.00,0.00
13,12,6,1,0.00,0.00,0.00,0.00,0.00,0.00,0.00,0.00,0.00,0.00,0.00,0.00,0.00,0,76.00,0.00,0.00,0.00,0.00,0.00,0.00,76.00,0.00,0.00,0.00,0.00,0.00,0.00
13,12,7,1,0.00,0.00,0.00,0.00,0.00,0.00,0.00,0.00,0.00,0.00,0.00,0.00,0.00,0,68.00,0.00,0.00,0.00,0.00,0.00,0.00,68.00,0.00,0.00,0.00,0.00,0.00,0.00
13,12,8,1,0.00,0.00,0.00,0.00,0.00,0.00,0.00,0.00,0.00,0.00,0.00,0.00,0.00,0,114.00,0.00,0.00,0.00,0.00,0.00,0.00,114.00,0.00,0.00,0.00,0.00,0.00,0.00
13,12,9,1,0.00,0.00,0.00,0.00,0.00,0.00,0.00,0.00,0.00,0.00,0.00,0.00,0.00,0,101.00,0.00,0.00,0.00,0.00,0.00,0.00,101.00,0.00,0.00,0.00,0.00,0.00,0.00
13,12,10,1,0.00,0.00,0.00,0.00,0.00,0.00,0.00,0.00,0.00,0.00,0.00,0.00,0.00,0,81.00,0.00,0.00,0.00,0.00,0.00,0.00,81.00,0.00,0.00,0.00,0.00,0.00,0.00
14,10,1,1,0.00,0.00,0.00,0.00,0.00,0.00,0.00,0.00,0.00,0.00,0.00,0.00,0.00,0,106.00,0.00,0.00,0.00,0.00,0.00,0.00,106.00,0.00,0.00,0.00,0.00,0.00,0.00
14,10,2,1,0.00,0.00,0.00,0.00,0.00,0.00,0.00,0.00,0.00,0.00,0.00,0.00,0.00,0,83.00,0.00,0.00,0.00,0.00,0.00,0.00,83.00,0.00,0.00,0.00,0.00,0.00,0.00
14,10,3,1,0.00,0.00,0.00,0.00,0.00,0.00,0.00,0.00,0.00,0.00,0.00,0.00,0.00,0,74.00,0.00,0.00,0.00,0.00,0.00,0.00,74.00,0.00,0.00,0.00,0.00,0.00,0.00
14,10,4,1,0.00,0.00,0.00,0.00,0.00,0.00,0.00,0.00,0.00,0.00,0.00,0.00,0.00,0,40.00,0.00,0.00,0.00,0.00,0.00,0.00,40.00,0.00,0.00,0.00,0.00,0.00,0.00
14,10,5,1,0.00,0.00,0.00,0.00,0.00,0.00,0.00,0.00,0.00,0.00,0.00,0.00,0.00,0,66.00,0.00,0.00,0.00,0.00,0.00,0.00,66.00,0.00,0.00,0.00,0.00,0.00,0.00
14,10,6,1,0.00,0.00,0.00,0.00,0.00,0.00,0.00,0.00,0.00,0.00,0.00,0.00,0.00,0,76.00,0.00,0.00,0.00,0.00,0.00,0.00,76.00,0.00,0.00,0.00,0.00,0.00,0.00
14,10,7,1,0.00,0.00,0.00,0.00,0.00,0.00,0.00,0.00,0.00,0.00,0.00,0.00,0.00,0,68.00,0.00,0.00,0.00,0.00,0.00,0.00,68.00,0.00,0.00,0.00,0.00,0.00,0.00
14,10,8,1,0.00,0.00,0.00,0.00,0.00,0.00,0.00,0.00,0.00,0.00,0.00,0.00,0.00,0,114.00,0.00,0.00,0.00,0.00,0.00,0.00,114.00,0.00,0.00,0.00,0.00,0.00,0.00
14,10,9,1,0.00,0.00,0.00,0.00,0.00,0.00,0.00,0.00,0.00,0.00,0.00,0.00,0.00,0,101.00,0.00,0.00,0.00,0.00,0.00,0.00,101.00,0.00,0.00,0.00,0.00,0.00,0.00
14,10,10,1,0.00,0.00,0.00,0.00,0.00,0.00,0.00,0.00,0.00,0.00,0.00,0.00,0.00,0,81.00,0.00,0.00,0.00,0.00,0.00,0.00,81.00,0.00,0.00,0.00,0.00,0.00,0.00
14,11,1,1,0.00,0.00,0.00,0.00,0.00,0.00,0.00,0.00,0.00,0.00,0.00,0.00,0.00,0,106.00,0.00,0.00,0.00,0.00,0.00,0.00,106.00,0.00,0.00,0.00,0.00,0.00,0.00
14,11,2,1,0.00,0.00,0.00,0.00,0.00,0.00,0.00,0.00,0.00,0.00,0.00,0.00,0.00,0,83.00,0.00,0.00,0.00,0.00,0.00,0.00,83.00,0.00,0.00,0.00,0.00,0.00,0.00
14,11,3,1,0.00,0.00,0.00,0.00,0.00,0.00,0.00,0.00,0.00,0.00,0.00,0.00,0.00,0,74.00,0.00,0.00,0.00,0.00,0.00,0.00,74.00,0.00,0.00,0.00,0.00,0.00,0.00
14,11,4,1,0.00,0.00,0.00,0.00,0.00,0.00,0.00,0.00,0.00,0.00,0.00,0.00,0.00,0,40.00,0.00,0.00,0.00,0.00,0.00,0.00,40.00,0.00,0.00,0.00,0.00,0.00,0.00
14,11,5,1,0.00,0.00,0.00,0.00,0.00,0.00,0.00,0.00,0.00,0.00,0.00,0.00,0.00,0,66.00,0.00,0.00,0.00,0.00,0.00,0.00,66.00,0.00,0.00,0.00,0.00,0.00,0.00
14,11,6,1,0.00,0.00,0.00,0.00,0.00,0.00,0.00,0.00,0.00,0.00,0.00,0.00,0.00,0,76.00,0.00,0.00,0.00,0.00,0.00,0.00,76.00,0.00,0.00,0.00,0.00,0.00,0.00
14,11,7,1,0.00,0.00,0.00,0.00,0.00,0.00,0.00,0.00,0.00,0.00,0.00,0.00,0.00,0,68.00,0.00,0.00,0.00,0.00,0.00,0.00,68.00,0.00,0.00,0.00,0.00,0.00,0.00
14,11,8,1,0.00,0.00,0.00,0.00,0.00,0.00,0.00,0.00,0.00,0.00,0.00,0.00,0.00,0,114.00,0.00,0.00,0.00,0.00,0.00,0.00,114.00,0.00,0.00,0.00,0.00,0.00,0.00
14,11,9,1,0.00,0.00,0.00,0.00,0.00,0.00,0.00,0.00,0.00,0.00,0.00,0.00,0.00,0,101.00,0.00,0.00,0.00,0.00,0.00,0.00,101.00,0.00,0.00,0.00,0.00,0.00,0.00
14,11,10,1,0.00,0.00,0.00,0.00,0.00,0.00,0.00,0.00,0.00,0.00,0.00,0.00,0.00,0,81.00,0.00,0.00,0.00,0.00,0.00,0.00,81.00,0.00,0.00,0.00,0.00,0.00,0.00
15,6,1,1,0.00,0.00,0.00,0.00,0.00,0.00,0.00,0.00,0.00,0.00,0.00,0.00,0.00,0,106.00,0.00,0.00,0.00,0.00,0.00,0.00,106.00,0.00,0.00,0.00,0.00,0.00,0.00
15,6,2,1,0.00,0.00,0.00,0.00,0.00,0.00,0.00,0.00,0.00,0.00,0.00,0.00,0.00,0,83.00,0.00,0.00,0.00,0.00,0.00,0.00,83.00,0.00,0.00,0.00,0.00,0.00,0.00
15,6,3,1,0.00,0.00,0.00,0.00,0.00,0.00,0.00,0.00,0.00,0.00,0.00,0.00,0.00,0,74.00,0.00,0.00,0.00,0.00,0.00,0.00,74.00,0.00,0.00,0.00,0.00,0.00,0.00
15,6,4,1,0.00,0.00,0.00,0.00,0.00,0.00,0.00,0.00,0.00,0.00,0.00,0.00,0.00,0,40.00,0.00,0.00,0.00,0.00,0.00,0.00,40.00,0.00,0.00,0.00,0.00,0.00,0.00
15,6,5,1,0.00,0.00,0.00,0.00,0.00,0.00,0.00,0.00,0.00,0.00,0.00,0.00,0.00,0,66.00,0.00,0.00,0.00,0.00,0.00,0.00,66.00,0.00,0.00,0.00,0.00,0.00,0.00
15,6,6,1,0.00,0.00,0.00,0.00,0.00,0.00,0.00,0.00,0.00,0.00,0.00,0.00,0.00,0,76.00,0.00,0.00,0.00,0.00,0.00,0.00,76.00,0.00,0.00,0.00,0.00,0.00,0.00
15,6,7,1,0.00,0.00,0.00,0.00,0.00,0.00,0.00,0.00,0.00,0.00,0.00,0.00,0.00,0,68.00,0.00,0.00,0.00,0.00,0.00,0.00,68.00,0.00,0.00,0.00,0.00,0.00,0.00
15,6,8,1,0.00,0.00,0.00,0.00,0.00,0.00,0.00,0.00,0.00,0.00,0.00,0.00,0.00,0,114.00,0.00,0.00,0.00,0.00,0.00,0.00,114.00,0.00,0.00,0.00,0.00,0.00,0.00
15,6,9,1,0.00,0.00,0.00,0.00,0.00,0.00,0.00,0.00,0.00,0.00,0.00,0.00,0.00,0,101.00,0.00,0.00,0.00,0.00,0.00,0.00,101.00,0.00,0.00,0.00,0.00,0.00,0.00
15,6,10,1,0.00,0.00,0.00,0.00,0.00,0.00,0.00,0.00,0.00,0.00,0.00,0.00,0.00,0,81.00,0.00,0.00,0.00,0.00,0.00,0.00,81.00,0.00,0.00,0.00,0.00,0.00,0.00
15,7,1,1,0.00,0.00,0.00,0.00,0.00,0.00,0.00,0.00,0.00,0.00,0.00,0.00,0.00,0,106.00,0.00,0.00,0.00,0.00,0.00,0.00,106.00,0.00,0.00,0.00,0.00,0.00,0.00
15,7,2,1,0.00,0.00,0.00,0.00,0.00,0.00,0.00,0.00,0.00,0.00,0.00,0.00,0.00,0,83.00,0.00,0.00,0.00,0.00,0.00,0.00,83.00,0.00,0.00,0.00,0.00,0.00,0.00
15,7,3,1,0.00,0.00,0.00,0.00,0.00,0.00,0.00,0.00,0.00,0.00,0.00,0.00,0.00,0,74.00,0.00,0.00,0.00,0.00,0.00,0.00,74.00,0.00,0.00,0.00,0.00,0.00,0.00
15,7,4,1,0.00,0.00,0.00,0.00,0.00,0.00,0.00,0.00,0.00,0.00,0.00,0.00,0.00,0,40.00,0.00,0.00,0.00,0.00,0.00,0.00,40.00,0.00,0.00,0.00,0.00,0.00,0.00
15,7,5,1,0.00,0.00,0.00,0.00,0.00,0.00,0.00,0.00,0.00,0.00,0.00,0.00,0.00,0,66.00,0.00,0.00,0.00,0.00,0.00,0.00,66.00,0.00,0.00,0.00,0.00,0.00,0.00
15,7,6,1,0.00,0.00,0.00,0.00,0.00,0.00,0.00,0.00,0.00,0.00,0.00,0.00,0.00,0,76.00,0.00,0.00,0.00,0.00,0.00,0.00,76.00,0.00,0.00,0.00,0.00,0.00,0.00
15,7,7,1,0.00,0.00,0.00,0.00,0.00,0.00,0.00,0.00,0.00,0.00,0.00,0.00,0.00,0,68.00,0.00,0.00,0.00,0.00,0.00,0.00,68.00,0.00,0.00,0.00,0.00,0.00,0.00
15,7,8,1,0.00,0.00,0.00,0.00,0.00,0.00,0.00,0.00,0.00,0.00,0.00,0.00,0.00,0,114.00,0.00,0.00,0.00,0.00,0.00,0.00,114.00,0.00,0.00,0.00,0.00,0.00,0.00
15,7,9,1,0.00,0.00,0.00,0.00,0.00,0.00,0.00,0.00,0.00,0.00,0.00,0.00,0.00,0,101.00,0.00,0.00,0.00,0.00,0.00,0.00,101.00,0.00,0.00,0.00,0.00,0.00,0.00
15,7,10,1,0.00,0.00,0.00,0.00,0.00,0.00,0.00,0.00,0.00,0.00,0.00,0.00,0.00,0,81.00,0.00,0.00,0.00,0.00,0.00,0.00,81.00,0.00,0.00,0.00,0.00,0.00,0.00
15,8,1,1,0.00,0.00,0.00,0.00,0.00,0.00,0.00,0.00,0.00,0.00,0.00,0.00,0.00,0,106.00,0.00,0.00,0.00,0.00,0.00,0.00,106.00,0.00,0.00,0.00,0.00,0.00,0.00
15,8,2,1,0.00,0.00,0.00,0.00,0.00,0.00,0.00,0.00,0.00,0.00,0.00,0.00,0.00,0,83.00,0.00,0.00,0.00,0.00,0.00,0.00,83.00,0.00,0.00,0.00,0.00,0.00,0.00
15,8,3,1,0.00,0.00,0.00,0.00,0.00,0.00,0.00,0.00,0.00,0.00,0.00,0.00,0.00,0,74.00,0.00,0.00,0.00,0.00,0.00,0.00,74.00,0.00,0.00,0.00,0.00,0.00,0.00
15,8,4,1,0.00,0.00,0.00,0.00,0.00,0.00,0.00,0.00,0.00,0.00,0.00,0.00,0.00,0,40.00,0.00,0.00,0.00,0.00,0.00,0.00,40.00,0.00,0.00,0.00,0.00,0.00,0.00
15,8,5,1,0.00,0.00,0.00,0.00,0.00,0.00,0.00,0.00,0.00,0.00,0.00,0.00,0.00,0,66.00,0.00,0.00,0.00,0.00,0.00,0.00,66.00,0.00,0.00,0.00,0.00,0.00,0.00
15,8,6,1,0.00,0.00,0.00,0.00,0.00,0.00,0.00,0.00,0.00,0.00,0.00,0.00,0.00,0,76.00,0.00,0.00,0.00,0.00,0.00,0.00,76.00,0.00,0.00,0.00,0.00,0.00,0.00
15,8,7,1,0.00,0.00,0.00,0.00,0.00,0.00,0.00,0.00,0.00,0.00,0.00,0.00,0.00,0,68.00,0.00,0.00,0.00,0.00,0.00,0.00,68.00,0.00,0.00,0.00,0.00,0.00,0.00
15,8,8,1,0.00,0.00,0.00,0.00,0.00,0.00,0.00,0.00,0.00,0.00,0.00,0.00,0.00,0,114.00,0.00,0.00,0.00,0.00,0.00,0.00,114.00,0.00,0.00,0.00,0.00,0.00,0.00
15,8,9,1,0.00,0.00,0.00,0.00,0.00,0.00,0.00,0.00,0.00,0.00,0.00,0.00,0.00,0,101.00,0.00,0.00,0.00,0.00,0.00,0.00,101.00,0.00,0.00,0.00,0.00,0.00,0.00
15,8,10,1,0.00,0.00,0.00,0.00,0.00,0.00,0.00,0.00,0.00,0.00,0.00,0.00,0.00,0,81.00,0.00,0.00,0.00,0.00,0.00,0.00,81.00,0.00,0.00,0.00,0.00,0.00,0.00
15,14,1,1,0.00,0.00,0.00,0.00,0.00,0.00,0.00,0.00,0.00,0.00,0.00,0.00,0.00,0,106.00,0.00,0.00,0.00,0.00,0.00,0.00,106.00,0.00,0.00,0.00,0.00,0.00,0.00
15,14,2,1,0.00,0.00,0.00,0.00,0.00,0.00,0.00,0.00,0.00,0.00,0.00,0.00,0.00,0,83.00,0.00,0.00,0.00,0.00,0.00,0.00,83.00,0.00,0.00,0.00,0.00,0.00,0.00
15,14,3,1,0.00,0.00,0.00,0.00,0.00,0.00,0.00,0.00,0.00,0.00,0.00,0.00,0.00,0,74.00,0.00,0.00,0.00,0.00,0.00,0.00,74.00,0.00,0.00,0.00,0.00,0.00,0.00
15,14,4,1,0.00,0.00,0.00,0.00,0.00,0.00,0.00,0.00,0.00,0.00,0.00,0.00,0.00,0,40.00,0.00,0.00,0.00,0.00,0.00,0.00,40.00,0.00,0.00,0.00,0.00,0.00,0.00
15,14,5,1,0.00,0.00,0.00,0.00,0.00,0.00,0.00,0.00,0.00,0.00,0.00,0.00,0.00,0,66.00,0.00,0.00,0.00,0.00,0.00,0.00,66.00,0.00,0.00,0.00,0.00,0.00,0.00
15,14,6,1,0.00,0.00,0.00,0.00,0.00,0.00,0.00,0.00,0.00,0.00,0.00,0.00,0.00,0,76.00,0.00,0.00,0.00,0.00,0.00,0.00,76.00,0.00,0.00,0.00,0.00,0.00,0.00
15,14,7,1,0.00,0.00,0.00,0.00,0.00,0.00,0.00,0.00,0.00,0.00,0.00,0.00,0.00,0,68.00,0.00,0.00,0.00,0.00,0.00,0.00,68.00,0.00,0.00,0.00,0.00,0.00,0.00
15,14,8,1,0.00,0.00,0.00,0.00,0.00,0.00,0.00,0.00,0.00,0.00,0.00,0.00,0.00,0,114.00,0.00,0.00,0.00,0.00,0.00,0.00,114.00,0.00,0.00,0.00,0.00,0.00,0.00
15,14,9,1,0.00,0.00,0.00,0.00,0.00,0.00,0.00,0.00,0.00,0.00,0.00,0.00,0.00,0,101.00,0.00,0.00,0.00,0.00,0.00,0.00,101.00,0.00,0.00,0.00,0.00,0.00,0.00
15,14,10,1,0.00,0.00,0.00,0.00,0.00,0.00,0.00,0.00,0.00,0.00,0.00,0.00,0.00,0,81.00,0.00,0.00,0.00,0.00,0.00,0.00,81.00,0.00,0.00,0.00,0.00,0.00,0.00
16,2,1,1,0.00,0.00,0.00,0.00,0.00,0.00,0.00,0.00,0.00,0.00,0.00,0.00,0.00,0,106.00,0.00,0.00,0.00,0.00,0.00,0.00,106.00,0.00,0.00,0.00,0.00,0.00,0.00
16,2,2,1,0.00,0.00,0.00,0.00,0.00,0.00,0.00,0.00,0.00,0.00,0.00,0.00,0.00,0,83.00,0.00,0.00,0.00,0.00,0.00,0.00,83.00,0.00,0.00,0.00,0.00,0.00,0.00
16,2,3,1,0.00,0.00,0.00,0.00,0.00,0.00,0.00,0.00,0.00,0.00,0.00,0.00,0.00,0,74.00,0.00,0.00,0.00,0.00,0.00,0.00,74.00,0.00,0.00,0.00,0.00,0.00,0.00
16,2,4,1,0.00,0.00,0.00,0.00,0.00,0.00,0.00,0.00,0.00,0.00,0.00,0.00,0.00,0,40.00,0.00,0.00,0.00,0.00,0.00,0.00,40.00,0.00,0.00,0.00,0.00,0.00,0.00
16,2,5,1,0.00,0.00,0.00,0.00,0.00,0.00,0.00,0.00,0.00,0.00,0.00,0.00,0.00,0,66.00,0.00,0.00,0.00,0.00,0.00,0.00,66.00,0.00,0.00,0.00,0.00,0.00,0.00
16,2,6,1,0.00,0.00,0.00,0.00,0.00,0.00,0.00,0.00,0.00,0.00,0.00,0.00,0.00,0,76.00,0.00,0.00,0.00,0.00,0.00,0.00,76.00,0.00,0.00,0.00,0.00,0.00,0.00
16,2,7,1,0.00,0.00,0.00,0.00,0.00,0.00,0.00,0.00,0.00,0.00,0.00,0.00,0.00,0,68.00,0.00,0.00,0.00,0.00,0.00,0.00,68.00,0.00,0.00,0.00,0.00,0.00,0.00
16,2,8,1,0.00,0.00,0.00,0.00,0.00,0.00,0.00,0.00,0.00,0.00,0.00,0.00,0.00,0,114.00,0.00,0.00,0.00,0.00,0.00,0.00,114.00,0.00,0.00,0.00,0.00,0.00,0.00
16,2,9,1,0.00,0.00,0.00,0.00,0.00,0.00,0.00,0.00,0.00,0.00,0.00,0.00,0.00,0,101.00,0.00,0.00,0.00,0.00,0.00,0.00,101.00,0.00,0.00,0.00,0.00,0.00,0.00
16,2,10,1,0.00,0.00,0.00,0.00,0.00,0.00,0.00,0.00,0.00,0.00,0.00,0.00,0.00,0,81.00,0.00,0.00,0.00,0.00,0.00,0.00,81.00,0.00,0.00,0.00,0.00,0.00,0.00
16,6,1,1,0.00,0.00,0.00,0.00,0.00,0.00,0.00,0.00,0.00,0.00,0.00,0.00,0.00,0,106.00,0.00,0.00,0.00,0.00,0.00,0.00,106.00,0.00,0.00,0.00,0.00,0.00,0.00
16,6,2,1,0.00,0.00,0.00,0.00,0.00,0.00,0.00,0.00,0.00,0.00,0.00,0.00,0.00,0,83.00,0.00,0.00,0.00,0.00,0.00,0.00,83.00,0.00,0.00,0.00,0.00,0.00,0.00
16,6,3,1,0.00,0.00,0.00,0.00,0.00,0.00,0.00,0.00,0.00,0.00,0.00,0.00,0.00,0,74.00,0.00,0.00,0.00,0.00,0.00,0.00,74.00,0.00,0.00,0.00,0.00,0.00,0.00
16,6,4,1,0.00,0.00,0.00,0.00,0.00,0.00,0.00,0.00,0.00,0.00,0.00,0.00,0.00,0,40.00,0.00,0.00,0.00,0.00,0.00,0.00,40.00,0.00,0.00,0.00,0.00,0.00,0.00
16,6,5,1,0.00,0.00,0.00,0.00,0.00,0.00,0.00,0.00,0.00,0.00,0.00,0.00,0.00,0,66.00,0.00,0.00,0.00,0.00,0.00,0.00,66.00,0.00,0.00,0.00,0.00,0.00,0.00
16,6,6,1,0.00,0.00,0.00,0.00,0.00,0.00,0.00,0.00,0.00,0.00,0.00,0.00,0.00,0,76.00,0.00,0.00,0.00,0.00,0.00,0.00,76.00,0.00,0.00,0.00,0.00,0.00,0.00
16,6,7,1,0.00,0.00,0.00,0.00,0.00,0.00,0.00,0.00,0.00,0.00,0.00,0.00,0.00,0,68.00,0.00,0.00,0.00,0.00,0.00,0.00,68.00,0.00,0.00,0.00,0.00,0.00,0.00
16,6,8,1,0.00,0.00,0.00,0.00,0.00,0.00,0.00,0.00,0.00,0.00,0.00,0.00,0.00,0,114.00,0.00,0.00,0.00,0.00,0.00,0.00,114.00,0.00,0.00,0.00,0.00,0.00,0.00
16,6,9,1,0.00,0.00,0.00,0.00,0.00,0.00,0.00,0.00,0.00,0.00,0.00,0.00,0.00,0,101.00,0.00,0.00,0.00,0.00,0.00,0.00,101.00,0.00,0.00,0.00,0.00,0.00,0.00
16,6,10,1,0.00,0.00,0.00,0.00,0.00,0.00,0.00,0.00,0.00,0.00,0.00,0.00,0.00,0,81.00,0.00,0.00,0.00,0.00,0.00,0.00,81.00,0.00,0.00,0.00,0.00,0.00,0.00
17,1,1,1,0.00,0.00,0.00,0.00,0.00,0.00,0.00,0.00,0.00,0.00,0.00,0.00,0.00,0,106.00,0.00,0.00,0.00,0.00,0.00,0.00,106.00,0.00,0.00,0.00,0.00,0.00,0.00
17,1,2,1,0.00,0.00,0.00,0.00,0.00,0.00,0.00,0.00,0.00,0.00,0.00,0.00,0.00,0,83.00,0.00,0.00,0.00,0.00,0.00,0.00,83.00,0.00,0.00,0.00,0.00,0.00,0.00
17,1,3,1,0.00,0.00,0.00,0.00,0.00,0.00,0.00,0.00,0.00,0.00,0.00,0.00,0.00,0,74.00,0.00,0.00,0.00,0.00,0.00,0.00,74.00,0.00,0.00,0.00,0.00,0.00,0.00
17,1,4,1,0.00,0.00,0.00,0.00,0.00,0.00,0.00,0.00,0.00,0.00,0.00,0.00,0.00,0,40.00,0.00,0.00,0.00,0.00,0.00,0.00,40.00,0.00,0.00,0.00,0.00,0.00,0.00
17,1,5,1,0.00,0.00,0.00,0.00,0.00,0.00,0.00,0.00,0.00,0.00,0.00,0.00,0.00,0,66.00,0.00,0.00,0.00,0.00,0.00,0.00,66.00,0.00,0.00,0.00,0.00,0.00,0.00
17,1,6,1,0.00,0.00,0.00,0.00,0.00,0.00,0.00,0.00,0.00,0.00,0.00,0.00,0.00,0,76.00,0.00,0.00,0.00,0.00,0.00,0.00,76.00,0.00,0.00,0.00,0.00,0.00,0.00
17,1,7,1,0.00,0.00,0.00,0.00,0.00,0.00,0.00,0.00,0.00,0.00,0.00,0.00,0.00,0,68.00,0.00,0.00,0.00,0.00,0.00,0.00,68.00,0.00,0.00,0.00,0.00,0.00,0.00
17,1,8,1,0.00,0.00,0.00,0.00,0.00,0.00,0.00,0.00,0.00,0.00,0.00,0.00,0.00,0,114.00,0.00,0.00,0.00,0.00,0.00,0.00,114.00,0.00,0.00,0.00,0.00,0.00,0.00
17,1,9,1,0.00,0.00,0.00,0.00,0.00,0.00,0.00,0.00,0.00,0.00,0.00,0.00,0.00,0,101.00,0.00,0.00,0.00,0.00,0.00,0.00,101.00,0.00,0.00,0.00,0.00,0.00,0.00
17,1,10,1,0.00,0.00,0.00,0.00,0.00,0.00,0.00,0.00,0.00,0.00,0.00,0.00,0.00,0,81.00,0.00,0.00,0.00,0.00,0.00,0.00,81.00,0.00,0.00,0.00,0.00,0.00,0.00
17,2,1,1,0.00,0.00,0.00,0.00,0.00,0.00,0.00,0.00,0.00,0.00,0.00,0.00,0.00,0,106.00,0.00,0.00,0.00,0.00,0.00,0.00,106.00,0.00,0.00,0.00,0.00,0.00,0.00
17,2,2,1,0.00,0.00,0.00,0.00,0.00,0.00,0.00,0.00,0.00,0.00,0.00,0.00,0.00,0,83.00,0.00,0.00,0.00,0.00,0.00,0.00,83.00,0.00,0.00,0.00,0.00,0.00,0.00
17,2,3,1,0.00,0.00,0.00,0.00,0.00,0.00,0.00,0.00,0.00,0.00,0.00,0.00,0.00,0,74.00,0.00,0.00,0.00,0.00,0.00,0.00,74.00,0.00,0.00,0.00,0.00,0.00,0.00
17,2,4,1,0.00,0.00,0.00,0.00,0.00,0.00,0.00,0.00,0.00,0.00,0.00,0.00,0.00,0,40.00,0.00,0.00,0.00,0.00,0.00,0.00,40.00,0.00,0.00,0.00,0.00,0.00,0.00
17,2,5,1,0.00,0.00,0.00,0.00,0.00,0.00,0.00,0.00,0.00,0.00,0.00,0.00,0.00,0,66.00,0.00,0.00,0.00,0.00,0.00,0.00,66.00,0.00,0.00,0.00,0.00,0.00,0.00
17,2,6,1,0.00,0.00,0.00,0.00,0.00,0.00,0.00,0.00,0.00,0.00,0.00,0.00,0.00,0,76.00,0.00,0.00,0.00,0.00,0.00,0.00,76.00,0.00,0.00,0.00,0.00,0.00,0.00
17,2,7,1,0.00,0.00,0.00,0.00,0.00,0.00,0.00,0.00,0.00,0.00,0.00,0.00,0.00,0,68.00,0.00,0.00,0.00,0.00,0.00,0.00,68.00,0.00,0.00,0.00,0.00,0.00,0.00
17,2,8,1,0.00,0.00,0.00,0.00,0.00,0.00,0.00,0.00,0.00,0.00,0.00,0.00,0.00,0,114.00,0.00,0.00,0.00,0.00,0.00,0.00,114.00,0.00,0.00,0.00,0.00,0.00,0.00
17,2,9,1,0.00,0.00,0.00,0.00,0.00,0.00,0.00,0.00,0.00,0.00,0.00,0.00,0.00,0,101.00,0.00,0.00,0.00,0.00,0.00,0.00,101.00,0.00,0.00,0.00,0.00,0.00,0.00
17,2,10,1,0.00,0.00,0.00,0.00,0.00,0.00,0.00,0.00,0.00,0.00,0.00,0.00,0.00,0,81.00,0.00,0.00,0.00,0.00,0.00,0.00,81.00,0.00,0.00,0.00,0.00,0.00,0.00
17,6,1,1,0.00,0.00,0.00,0.00,0.00,0.00,0.00,0.00,0.00,0.00,0.00,0.00,0.00,0,106.00,0.00,0.00,0.00,0.00,0.00,0.00,106.00,0.00,0.00,0.00,0.00,0.00,0.00
17,6,2,1,0.00,0.00,0.00,0.00,0.00,0.00,0.00,0.00,0.00,0.00,0.00,0.00,0.00,0,83.00,0.00,0.00,0.00,0.00,0.00,0.00,83.00,0.00,0.00,0.00,0.00,0.00,0.00
17,6,3,1,0.00,0.00,0.00,0.00,0.00,0.00,0.00,0.00,0.00,0.00,0.00,0.00,0.00,0,74.00,0.00,0.00,0.00,0.00,0.00,0.00,74.00,0.00,0.00,0.00,0.00,0.00,0.00
17,6,4,1,0.00,0.00,0.00,0.00,0.00,0.00,0.00,0.00,0.00,0.00,0.00,0.00,0.00,0,40.00,0.00,0.00,0.00,0.00,0.00,0.00,40.00,0.00,0.00,0.00,0.00,0.00,0.00
17,6,5,1,0.00,0.00,0.00,0.00,0.00,0.00,0.00,0.00,0.00,0.00,0.00,0.00,0.00,0,66.00,0.00,0.00,0.00,0.00,0.00,0.00,66.00,0.00,0.00,0.00,0.00,0.00,0.00
17,6,6,1,0.00,0.00,0.00,0.00,0.00,0.00,0.00,0.00,0.00,0.00,0.00,0.00,0.00,0,76.00,0.00,0.00,0.00,0.00,0.00,0.00,76.00,0.00,0.00,0.00,0.00,0.00,0.00
17,6,7,1,0.00,0.00,0.00,0.00,0.00,0.00,0.00,0.00,0.00,0.00,0.00,0.00,0.00,0,68.00,0.00,0.00,0.00,0.00,0.00,0.00,68.00,0.00,0.00,0.00,0.00,0.00,0.00
17,6,8,1,0.00,0.00,0.00,0.00,0.00,0.00,0.00,0.00,0.00,0.00,0.00,0.00,0.00,0,114.00,0.00,0.00,0.00,0.00,0.00,0.00,114.00,0.00,0.00,0.00,0.00,0.00,0.00
17,6,9,1,0.00,0.00,0.00,0.00,0.00,0.00,0.00,0.00,0.00,0.00,0.00,0.00,0.00,0,101.00,0.00,0.00,0.00,0.00,0.00,0.00,101.00,0.00,0.00,0.00,0.00,0.00,0.00
17,6,10,1,0.00,0.00,0.00,0.00,0.00,0.00,0.00,0.00,0.00,0.00,0.00,0.00,0.00,0,81.00,0.00,0.00,0.00,0.00,0.00,0.00,81.00,0.00,0.00,0.00,0.00,0.00,0.00
17,7,1,1,0.00,0.00,0.00,0.00,0.00,0.00,0.00,0.00,0.00,0.00,0.00,0.00,0.00,0,106.00,0.00,0.00,0.00,0.00,0.00,0.00,106.00,0.00,0.00,0.00,0.00,0.00,0.00
17,7,2,1,0.00,0.00,0.00,0.00,0.00,0.00,0.00,0.00,0.00,0.00,0.00,0.00,0.00,0,83.00,0.00,0.00,0.00,0.00,0.00,0.00,83.00,0.00,0.00,0.00,0.00,0.00,0.00
17,7,3,1,0.00,0.00,0.00,0.00,0.00,0.00,0.00,0.00,0.00,0.00,0.00,0.00,0.00,0,74.00,0.00,0.00,0.00,0.00,0.00,0.00,74.00,0.00,0.00,0.00,0.00,0.00,0.00
17,7,4,1,0.00,0.00,0.00,0.00,0.00,0.00,0.00,0.00,0.00,0.00,0.00,0.00,0.00,0,40.00,0.00,0.00,0.00,0.00,0.00,0.00,40.00,0.00,0.00,0.00,0.00,0.00,0.00
17,7,5,1,0.00,0.00,0.00,0.00,0.00,0.00,0.00,0.00,0.00,0.00,0.00,0.00,0.00,0,66.00,0.00,0.00,0.00,0.00,0.00,0.00,66.00,0.00,0.00,0.00,0.00,0.00,0.00
17,7,6,1,0.00,0.00,0.00,0.00,0.00,0.00,0.00,0.00,0.00,0.00,0.00,0.00,0.00,0,76.00,0.00,0.00,0.00,0.00,0.00,0.00,76.00,0.00,0.00,0.00,0.00,0.00,0.00
17,7,7,1,0.00,0.00,0.00,0.00,0.00,0.00,0.00,0.00,0.00,0.00,0.00,0.00,0.00,0,68.00,0.00,0.00,0.00,0.00,0.00,0.00,68.00,0.00,0.00,0.00,0.00,0.00,0.00
17,7,8,1,0.00,0.00,0.00,0.00,0.00,0.00,0.00,0.00,0.00,0.00,0.00,0.00,0.00,0,114.00,0.00,0.00,0.00,0.00,0.00,0.00,114.00,0.00,0.00,0.00,0.00,0.00,0.00
17,7,9,1,0.00,0.00,0.00,0.00,0.00,0.00,0.00,0.00,0.00,0.00,0.00,0.00,0.00,0,101.00,0.00,0.00,0.00,0.00,0.00,0.00,101.00,0.00,0.00,0.00,0.00,0.00,0.00
17,7,10,1,0.00,0.00,0.00,0.00,0.00,0.00,0.00,0.00,0.00,0.00,0.00,0.00,0.00,0,81.00,0.00,0.00,0.00,0.00,0.00,0.00,81.00,0.00,0.00,0.00,0.00,0.00,0.00
18,9,1,1,0.00,0.00,0.00,0.00,0.00,0.00,0.00,0.00,0.00,0.00,0.00,0.00,0.00,0,106.00,0.00,0.00,0.00,0.00,0.00,0.00,106.00,0.00,0.00,0.00,0.00,0.00,0.00
18,9,2,1,0.00,0.00,0.00,0.00,0.00,0.00,0.00,0.00,0.00,0.00,0.00,0.00,0.00,0,83.00,0.00,0.00,0.00,0.00,0.00,0.00,83.00,0.00,0.00,0.00,0.00,0.00,0.00
18,9,3,1,0.00,0.00,0.00,0.00,0.00,0.00,0.00,0.00,0.00,0.00,0.00,0.00,0.00,0,74.00,0.00,0.00,0.00,0.00,0.00,0.00,74.00,0.00,0.00,0.00,0.00,0.00,0.00
18,9,4,1,0.00,0.00,0.00,0.00,0.00,0.00,0.00,0.00,0.00,0.00,0.00,0.00,0.00,0,40.00,0.00,0.00,0.00,0.00,0.00,0.00,40.00,0.00,0.00,0.00,0.00,0.00,0.00
18,9,5,1,0.00,0.00,0.00,0.00,0.00,0.00,0.00,0.00,0.00,0.00,0.00,0.00,0.00,0,66.00,0.00,0.00,0.00,0.00,0.00,0.00,66.00,0.00,0.00,0.00,0.00,0.00,0.00
18,9,6,1,0.00,0.00,0.00,0.00,0.00,0.00,0.00,0.00,0.00,0.00,0.00,0.00,0.00,0,76.00,0.00,0.00,0.00,0.00,0.00,0.00,76.00,0.00,0.00,0.00,0.00,0.00,0.00
18,9,7,1,0.00,0.00,0.00,0.00,0.00,0.00,0.00,0.00,0.00,0.00,0.00,0.00,0.00,0,68.00,0.00,0.00,0.00,0.00,0.00,0.00,68.00,0.00,0.00,0.00,0.00,0.00,0.00
18,9,8,1,0.00,0.00,0.00,0.00,0.00,0.00,0.00,0.00,0.00,0.00,0.00,0.00,0.00,0,114.00,0.00,0.00,0.00,0.00,0.00,0.00,114.00,0.00,0.00,0.00,0.00,0.00,0.00
18,9,9,1,0.00,0.00,0.00,0.00,0.00,0.00,0.00,0.00,0.00,0.00,0.00,0.00,0.00,0,101.00,0.00,0.00,0.00,0.00,0.00,0.00,101.00,0.00,0.00,0.00,0.00,0.00,0.00
18,9,10,1,0.00,0.00,0.00,0.00,0.00,0.00,0.00,0.00,0.00,0.00,0.00,0.00,0.00,0,81.00,0.00,0.00,0.00,0.00,0.00,0.00,81.00,0.00,0.00,0.00,0.00,0.00,0.00
18,10,1,1,0.00,0.00,0.00,0.00,0.00,0.00,0.00,0.00,0.00,0.00,0.00,0.00,0.00,0,106.00,0.00,0.00,0.00,0.00,0.00,0.00,106.00,0.00,0.00,0.00,0.00,0.00,0.00
18,10,2,1,0.00,0.00,0.00,0.00,0.00,0.00,0.00,0.00,0.00,0.00,0.00,0.00,0.00,0,83.00,0.00,0.00,0.00,0.00,0.00,0.00,83.00,0.00,0.00,0.00,0.00,0.00,0.00
18,10,3,1,0.00,0.00,0.00,0.00,0.00,0.00,0.00,0.00,0.00,0.00,0.00,0.00,0.00,0,74.00,0.00,0.00,0.00,0.00,0.00,0.00,74.00,0.00,0.00,0.00,0.00,0.00,0.00
18,10,4,1,0.00,0.00,0.00,0.00,0.00,0.00,0.00,0.00,0.00,0.00,0.00,0.00,0.00,0,40.00,0.00,0.00,0.00,0.00,0.00,0.00,40.00,0.00,0.00,0.00,0.00,0.00,0.00
18,10,5,1,0.00,0.00,0.00,0.00,0.00,0.00,0.00,0.00,0.00,0.00,0.00,0.00,0.00,0,66.00,0.00,0.00,0.00,0.00,0.00,0.00,66.00,0.00,0.00,0.00,0.00,0.00,0.00
18,10,6,1,0.00,0.00,0.00,0.00,0.00,0.00,0.00,0.00,0.00,0.00,0.00,0.00,0.00,0,76.00,0.00,0.00,0.00,0.00,0.00,0.00,76.00,0.00,0.00,0.00,0.00,0.00,0.00
18,10,7,1,0.00,0.00,0.00,0.00,0.00,0.00,0.00,0.00,0.00,0.00,0.00,0.00,0.00,0,68.00,0.00,0.00,0.00,0.00,0.00,0.00,68.00,0.00,0.00,0.00,0.00,0.00,0.00
18,10,8,1,0.00,0.00,0.00,0.00,0.00,0.00,0.00,0.00,0.00,0.00,0.00,0.00,0.00,0,114.00,0.00,0.00,0.00,0.00,0.00,0.00,114.00,0.00,0.00,0.00,0.00,0.00,0.00
18,10,9,1,0.00,0.00,0.00,0.00,0.00,0.00,0.00,0.00,0.00,0.00,0.00,0.00,0.00,0,101.00,0.00,0.00,0.00,0.00,0.00,0.00,101.00,0.00,0.00,0.00,0.00,0.00,0.00
18,10,10,1,0.00,0.00,0.00,0.00,0.00,0.00,0.00,0.00,0.00,0.00,0.00,0.00,0.00,0,81.00,0.00,0.00,0.00,0.00,0.00,0.00,81.00,0.00,0.00,0.00,0.00,0.00,0.00
