"SpeciesTypeID","SpeciesTypeName","ForestTypeID","GenusID","CanFI_Code","CoarseRootTurnProp","FineRootTurnPropIntercept","FineRootTurnPropSlope","HwoodDecayMultiplier","SlopeRootToTotal","InterceptRootToTotal","BranchesToBranchSnag"
1,"Spruce",1,1,100,0.02,0.00,0.64,1.00,0.00,0.00,0.25
2,"Black spruce",1,1,101,0.02,0.00,0.64,1.00,0.00,0.00,0.25
3,"Red spruce",1,1,102,0.02,0.00,0.64,1.00,0.00,0.00,0.25
4,"Norway spruce",1,1,103,0.02,0.00,0.64,1.00,0.00,0.00,0.25
5,"Engelmann spruce",1,1,104,0.02,0.00,0.64,1.00,0.00,0.00,0.25
6,"White spruce",1,1,105,0.02,0.00,0.64,1.00,0.00,0.00,0.25
7,"Sitka spruce",1,1,106,0.02,0.00,0.64,1.00,0.00,0.00,0.25
8,"Black and red spruce",1,1,107,0.02,0.00,0.64,1.00,0.00,0.00,0.25
9,"Red and white spruce",1,1,108,0.02,0.00,0.64,1.00,0.00,0.00,0.25
10,"Other spruce",1,1,109,0.02,0.00,0.64,1.00,0.00,0.00,0.25
11,"Pine",1,2,200,0.02,0.00,0.64,1.00,0.00,0.00,0.25
12,"Western white pine",1,2,201,0.02,0.00,0.64,1.00,0.00,0.00,0.25
13,"Eastern white pine",1,2,202,0.02,0.00,0.64,1.00,0.00,0.00,0.25
14,"Jack pine",1,2,203,0.02,0.00,0.64,1.00,0.00,0.00,0.25
15,"Lodgepole pine",1,2,204,0.02,0.00,0.64,1.00,0.00,0.00,0.25
16,"Shore pine",1,2,205,0.02,0.00,0.64,1.00,0.00,0.00,0.25
17,"Whitebark pine",1,2,206,0.02,0.00,0.64,1.00,0.00,0.00,0.25
18,"Austrian pine",1,2,207,0.02,0.00,0.64,1.00,0.00,0.00,0.25
19,"Ponderosa pine",1,2,208,0.02,0.00,0.64,1.00,0.00,0.00,0.25
20,"Red pine",1,2,209,0.02,0.00,0.64,1.00,0.00,0.00,0.25
21,"Pitch pine",1,2,210,0.02,0.00,0.64,1.00,0.00,0.00,0.25
22,"Scots pine",1,2,211,0.02,0.00,0.64,1.00,0.00,0.00,0.25
23,"Mugho pine",1,2,212,0.02,0.00,0.64,1.00,0.00,0.00,0.25
24,"Limber pine",1,2,213,0.02,0.00,0.64,1.00,0.00,0.00,0.25
25,"Jack, lodgepole and shore pine",1,2,214,0.02,0.00,0.64,1.00,0.00,0.00,0.25
26,"Other pine",1,2,215,0.02,0.00,0.64,1.00,0.00,0.00,0.25
27,"Fir",1,3,300,0.02,0.00,0.64,1.00,0.00,0.00,0.25
28,"Amabilis fir",1,3,301,0.02,0.00,0.64,1.00,0.00,0.00,0.25
29,"Balsam fir",1,3,302,0.02,0.00,0.64,1.00,0.00,0.00,0.25
30,"Grand fir",1,3,303,0.02,0.00,0.64,1.00,0.00,0.00,0.25
31,"Subalpine fir (or alpine fir)",1,3,304,0.02,0.00,0.64,1.00,0.00,0.00,0.25
32,"Balsam and alpine fir",1,3,305,0.02,0.00,0.64,1.00,0.00,0.00,0.25
33,"Alpine, amabilis and grand fir",1,3,306,0.02,0.00,0.64,1.00,0.00,0.00,0.25
34,"Spruce and balsam fir",1,3,320,0.02,0.00,0.64,1.00,0.00,0.00,0.25
35,"Balsam fir and spruce",1,3,321,0.02,0.00,0.64,1.00,0.00,0.00,0.25
36,"Hemlock",1,4,400,0.02,0.00,0.64,1.00,0.00,0.00,0.25
37,"Eastern hemlock",1,4,401,0.02,0.00,0.64,1.00,0.00,0.00,0.25
38,"Western hemlock",1,4,402,0.02,0.00,0.64,1.00,0.00,0.00,0.25
39,"Mountain hemlock",1,4,403,0.02,0.00,0.64,1.00,0.00,0.00,0.25
40,"Western and mountain hemlock",1,4,404,0.02,0.00,0.64,1.00,0.00,0.00,0.25
41,"Douglas-fir and Rocky Mountain Douglas-fir",1,5,500,0.02,0.00,0.64,1.00,0.00,0.00,0.25
42,"Tamarack/larch",1,6,600,0.02,0.00,0.64,1.00,0.00,0.00,0.25
43,"European larch",1,6,601,0.02,0.00,0.64,1.00,0.00,0.00,0.25
44,"Tamarack",1,6,602,0.02,0.00,0.64,1.00,0.00,0.00,0.25
45,"Western larch",1,6,603,0.02,0.00,0.64,1.00,0.00,0.00,0.25
46,"Subalpine larch",1,6,604,0.02,0.00,0.64,1.00,0.00,0.00,0.25
47,"Japanese larch",1,6,605,0.02,0.00,0.64,1.00,0.00,0.00,0.25
48,"Cedar",1,7,700,0.02,0.00,0.64,1.00,0.00,0.00,0.25
49,"Eastern white-cedar",1,7,701,0.02,0.00,0.64,1.00,0.00,0.00,0.25
50,"Western red-cedar",1,7,702,0.02,0.00,0.64,1.00,0.00,0.00,0.25
51,"Cedar and other conifers",1,7,703,0.02,0.00,0.64,1.00,0.00,0.00,0.25
52,"Juniper",1,7,800,0.02,0.00,0.64,1.00,0.00,0.00,0.25
53,"Eastern redcedar",1,7,801,0.02,0.00,0.64,1.00,0.00,0.00,0.25
54,"Rocky Mountain juniper",1,7,802,0.02,0.00,0.64,1.00,0.00,0.00,0.25
55,"Yew",1,7,900,0.02,0.00,0.64,1.00,0.00,0.00,0.25
56,"Western Yew",1,7,901,0.02,0.00,0.64,1.00,0.00,0.00,0.25
57,"Cypress",1,7,1000,0.02,0.00,0.64,1.00,0.00,0.00,0.25
58,"Yellow cypress",1,7,1001,0.02,0.00,0.64,1.00,0.00,0.00,0.25
59,"Other softwoods",1,8,1100,0.02,0.00,0.64,1.00,0.00,0.00,0.25
60,"Tamarck and cedar",1,7,1110,0.02,0.00,0.64,1.00,0.00,0.00,0.25
61,"Unspecified softwood species",1,8,1150,0.02,0.00,0.64,1.00,0.00,0.00,0.25
62,"Poplar/aspen",3,9,1200,0.02,0.00,0.64,1.00,0.00,0.00,0.25
63,"Trembling aspen",3,9,1201,0.02,0.00,0.64,1.00,0.00,0.00,0.25
64,"European white poplar",3,9,1202,0.02,0.00,0.64,1.00,0.00,0.00,0.25
65,"Balsam poplar",3,9,1203,0.02,0.00,0.64,1.00,0.00,0.00,0.25
66,"Black cottonwood",3,9,1204,0.02,0.00,0.64,1.00,0.00,0.00,0.25
67,"Eastern cottonwood",3,9,1205,0.02,0.00,0.64,1.00,0.00,0.00,0.25
68,"Largetooth aspen",3,9,1206,0.02,0.00,0.64,1.00,0.00,0.00,0.25
69,"Carolina poplar",3,9,1207,0.02,0.00,0.64,1.00,0.00,0.00,0.25
70,"Lombardy poplar",3,9,1208,0.02,0.00,0.64,1.00,0.00,0.00,0.25
71,"Hybrid poplar",3,9,1209,0.02,0.00,0.64,1.00,0.00,0.00,0.25
72,"Other poplar",3,9,1210,0.02,0.00,0.64,1.00,0.00,0.00,0.25
73,"Birch",3,10,1300,0.02,0.00,0.64,1.00,0.00,0.00,0.25
74,"Yellow birch",3,10,1301,0.02,0.00,0.64,1.00,0.00,0.00,0.25
75,"Cherry birch",3,10,1302,0.02,0.00,0.64,1.00,0.00,0.00,0.25
76,"White birch",3,10,1303,0.02,0.00,0.64,1.00,0.00,0.00,0.25
77,"Gray birch",3,10,1304,0.02,0.00,0.64,1.00,0.00,0.00,0.25
78,"Alaska paper birch",3,10,1305,0.02,0.00,0.64,1.00,0.00,0.00,0.25
79,"Mountain paper birch",3,10,1306,0.02,0.00,0.64,1.00,0.00,0.00,0.25
80,"Other birch",3,10,1307,0.02,0.00,0.64,1.00,0.00,0.00,0.25
81,"Maple",3,11,1400,0.02,0.00,0.64,1.00,0.00,0.00,0.25
82,"Sugar maple",3,11,1401,0.02,0.00,0.64,1.00,0.00,0.00,0.25
83,"Black maple",3,11,1402,0.02,0.00,0.64,1.00,0.00,0.00,0.25
84,"Bigleaf maple",3,11,1403,0.02,0.00,0.64,1.00,0.00,0.00,0.25
85,"Manitoba maple",3,11,1404,0.02,0.00,0.64,1.00,0.00,0.00,0.25
86,"Red maple",3,11,1405,0.02,0.00,0.64,1.00,0.00,0.00,0.25
87,"Silver maple",3,11,1406,0.02,0.00,0.64,1.00,0.00,0.00,0.25
88,"Norway maple",3,11,1407,0.02,0.00,0.64,1.00,0.00,0.00,0.25
89,"Sugar and black maple",3,11,1408,0.02,0.00,0.64,1.00,0.00,0.00,0.25
90,"Other maple",3,11,1409,0.02,0.00,0.64,1.00,0.00,0.00,0.25
91,"Striped maple",3,11,1410,0.02,0.00,0.64,1.00,0.00,0.00,0.25
92,"Mountain maple",3,11,1411,0.02,0.00,0.64,1.00,0.00,0.00,0.25
93,"Other hardwoods",3,12,1500,0.02,0.00,0.64,1.00,0.00,0.00,0.25
94,"Unspecified hardwood species",3,13,1550,0.02,0.00,0.64,1.00,0.00,0.00,0.25
95,"Hickory",3,12,1600,0.02,0.00,0.64,1.00,0.00,0.00,0.25
96,"Bitternut hickory",3,12,1601,0.02,0.00,0.64,1.00,0.00,0.00,0.25
97,"Red hickory",3,12,1602,0.02,0.00,0.64,1.00,0.00,0.00,0.25
98,"Shagbark hickory",3,12,1603,0.02,0.00,0.64,1.00,0.00,0.00,0.25
99,"Shellbark hickory",3,12,1604,0.02,0.00,0.64,1.00,0.00,0.00,0.25
100,"Walnut",3,12,1700,0.02,0.00,0.64,1.00,0.00,0.00,0.25
101,"Butternut",3,12,1701,0.02,0.00,0.64,1.00,0.00,0.00,0.25
102,"Black walnut",3,12,1702,0.02,0.00,0.64,1.00,0.00,0.00,0.25
103,"Alder",3,12,1800,0.02,0.00,0.64,1.00,0.00,0.00,0.25
104,"Sitka alder",3,12,1801,0.02,0.00,0.64,1.00,0.00,0.00,0.25
105,"Red alder",3,12,1802,0.02,0.00,0.64,1.00,0.00,0.00,0.25
106,"Ironwood",3,12,1900,0.02,0.00,0.64,1.00,0.00,0.00,0.25
107,"Blue-beech",3,12,1950,0.02,0.00,0.64,1.00,0.00,0.00,0.25
108,"Beech",3,12,2000,0.02,0.00,0.64,1.00,0.00,0.00,0.25
109,"Oak",3,12,2100,0.02,0.00,0.64,1.00,0.00,0.00,0.25
110,"White oak",3,12,2101,0.02,0.00,0.64,1.00,0.00,0.00,0.25
111,"Swamp white oak",3,12,2102,0.02,0.00,0.64,1.00,0.00,0.00,0.25
112,"Garry oak",3,12,2103,0.02,0.00,0.64,1.00,0.00,0.00,0.25
113,"Bur oak",3,12,2104,0.02,0.00,0.64,1.00,0.00,0.00,0.25
114,"Pin oak",3,12,2105,0.02,0.00,0.64,1.00,0.00,0.00,0.25
115,"Chinquapin oak",3,12,2106,0.02,0.00,0.64,1.00,0.00,0.00,0.25
116,"Chestnut oak",3,12,2107,0.02,0.00,0.64,1.00,0.00,0.00,0.25
117,"Red oak",3,12,2108,0.02,0.00,0.64,1.00,0.00,0.00,0.25
118,"Black oak",3,12,2109,0.02,0.00,0.64,1.00,0.00,0.00,0.25
119,"Northern pin oak",3,12,2110,0.02,0.00,0.64,1.00,0.00,0.00,0.25
120,"Shumard oak",3,12,2111,0.02,0.00,0.64,1.00,0.00,0.00,0.25
121,"Elm",3,12,2200,0.02,0.00,0.64,1.00,0.00,0.00,0.25
122,"White elm",3,12,2201,0.02,0.00,0.64,1.00,0.00,0.00,0.25
123,"Slippery elm",3,12,2202,0.02,0.00,0.64,1.00,0.00,0.00,0.25
124,"Rock elm",3,12,2203,0.02,0.00,0.64,1.00,0.00,0.00,0.25
125,"Red mulberry",3,12,2300,0.02,0.00,0.64,1.00,0.00,0.00,0.25
126,"Tulip-tree",3,12,2400,0.02,0.00,0.64,1.00,0.00,0.00,0.25
127,"Cucumber-tree",3,12,2500,0.02,0.00,0.64,1.00,0.00,0.00,0.25
128,"Sassafras",3,12,2600,0.02,0.00,0.64,1.00,0.00,0.00,0.25
129,"Sycamore",3,12,2700,0.02,0.00,0.64,1.00,0.00,0.00,0.25
130,"Cherry",3,12,2800,0.02,0.00,0.64,1.00,0.00,0.00,0.25
131,"Black Cherry",3,12,2801,0.02,0.00,0.64,1.00,0.00,0.00,0.25
132,"Pin cherry",3,12,2802,0.02,0.00,0.64,1.00,0.00,0.00,0.25
133,"Bitter cherry",3,12,2803,0.02,0.00,0.64,1.00,0.00,0.00,0.25
134,"Choke cherry",3,12,2804,0.02,0.00,0.64,1.00,0.00,0.00,0.25
135,"Honey-locust",3,12,2900,0.02,0.00,0.64,1.00,0.00,0.00,0.25
136,"Basswood",3,12,3000,0.02,0.00,0.64,1.00,0.00,0.00,0.25
137,"Black-gum",3,12,3100,0.02,0.00,0.64,1.00,0.00,0.00,0.25
138,"Flowering dogwood",3,12,3200,0.02,0.00,0.64,1.00,0.00,0.00,0.25
139,"Eastern flowering dogwood",3,12,3201,0.02,0.00,0.64,1.00,0.00,0.00,0.25
140,"Western flowering dogwood",3,12,3202,0.02,0.00,0.64,1.00,0.00,0.00,0.25
141,"Alternate-leaf dogwood",3,12,3203,0.02,0.00,0.64,1.00,0.00,0.00,0.25
142,"Arbutus",3,12,3300,0.02,0.00,0.64,1.00,0.00,0.00,0.25
143,"Ash",3,12,3400,0.02,0.00,0.64,1.00,0.00,0.00,0.25
145,"White ash",3,12,3401,0.02,0.00,0.64,1.00,0.00,0.00,0.25
146,"Black ash",3,12,3402,0.02,0.00,0.64,1.00,0.00,0.00,0.25
147,"Red ash",3,12,3403,0.02,0.00,0.64,1.00,0.00,0.00,0.25
148,"Northern red ash",3,12,3404,0.02,0.00,0.64,1.00,0.00,0.00,0.25
149,"Green ash",3,12,3405,0.02,0.00,0.64,1.00,0.00,0.00,0.25
150,"Blue ash",3,12,3406,0.02,0.00,0.64,1.00,0.00,0.00,0.25
151,"Oregon ash",3,12,3407,0.02,0.00,0.64,1.00,0.00,0.00,0.25
152,"Pumpkin ash",3,12,3408,0.02,0.00,0.64,1.00,0.00,0.00,0.25
153,"Willow",3,12,3500,0.02,0.00,0.64,1.00,0.00,0.00,0.25
154,"Black willow",3,12,3501,0.02,0.00,0.64,1.00,0.00,0.00,0.25
155,"Peachleaf willow",3,12,3502,0.02,0.00,0.64,1.00,0.00,0.00,0.25
156,"Pacific willow",3,12,3503,0.02,0.00,0.64,1.00,0.00,0.00,0.25
157,"Crack willow",3,12,3504,0.02,0.00,0.64,1.00,0.00,0.00,0.25
158,"Shining willow",3,12,3505,0.02,0.00,0.64,1.00,0.00,0.00,0.25
159,"Kentucky coffee tree",3,12,3600,0.02,0.00,0.64,1.00,0.00,0.00,0.25
160,"Hackberry",3,12,3700,0.02,0.00,0.64,1.00,0.00,0.00,0.25
161,"Serviceberry",3,12,3800,0.02,0.00,0.64,1.00,0.00,0.00,0.25
162,"Beaked hazel",3,12,3900,0.02,0.00,0.64,1.00,0.00,0.00,0.25
163,"Hawthorn",3,12,3910,0.02,0.00,0.64,1.00,0.00,0.00,0.25
164,"Common winterberry",3,12,3920,0.02,0.00,0.64,1.00,0.00,0.00,0.25
165,"Apple",3,12,3930,0.02,0.00,0.64,1.00,0.00,0.00,0.25
166,"Mountain-holly",3,12,3940,0.02,0.00,0.64,1.00,0.00,0.00,0.25
167,"Staghorn sumac",3,12,3950,0.02,0.00,0.64,1.00,0.00,0.00,0.25
168,"Mountain-ash",3,12,3960,0.02,0.00,0.64,1.00,0.00,0.00,0.25
169,"Tolerant hardwoods",3,13,4000,0.02,0.00,0.64,1.00,0.00,0.00,0.25
170,"Intolerant hardwoods",3,13,5000,0.02,0.00,0.64,1.00,0.00,0.00,0.25
171,"Not Stocked",9,14,-1,0.00,0.00,0.00,0.00,0.00,0.00,0.00
172,"Mixedwood",2,15,-1,0.02,0.00,0.64,1.00,0.00,0.00,0.25
173,"White birch & Alaska white birch",3,10,1308,0.02,0.00,0.64,1.00,0.00,0.00,0.25
174,"Jack and lodgepole pine hybrid",1,2,216,0.02,0.00,0.64,1.00,0.00,0.00,0.25
175,"Whitebark and limber pine",1,2,217,0.02,0.00,0.64,1.00,0.00,0.00,0.25
176,"Balsam poplar & black cottonwood",3,9,1212,0.02,0.00,0.64,1.00,0.00,0.00,0.25
177,"Balsam poplar, largetooth aspen & cottonwood",3,9,1211,0.02,0.00,0.64,1.00,0.00,0.00,0.25
178,"Upland hardwoods other than sugar maple",3,13,4500,0.02,0.00,0.64,1.00,0.00,0.00,0.25
179,"Lowland hardwoods (silver & red maple, white elm)",3,13,5500,0.02,0.00,0.64,1.00,0.00,0.00,0.25
180,"Spruce- Genus Type",1,1,5500,0.02,0.00,0.64,1.00,0.00,0.00,0.25
181,"Pine- Genus Type",1,2,5500,0.02,0.00,0.64,1.00,0.00,0.00,0.25
182,"Fir- Genus Type",1,3,5500,0.02,0.00,0.64,1.00,0.00,0.00,0.25
183,"Hemlock- Genus Type",1,4,5500,0.02,0.00,0.64,1.00,0.00,0.00,0.25
184,"Douglas-fir- Genus Type",1,5,5500,0.02,0.00,0.64,1.00,0.00,0.00,0.25
185,"Larch- Genus Type",1,6,5500,0.02,0.00,0.64,1.00,0.00,0.00,0.25
186,"Cedar and other conifers- Genus Type",1,7,5500,0.02,0.00,0.64,1.00,0.00,0.00,0.25
187,"Unspecified conifirs- Genus Type",1,8,5500,0.02,0.00,0.64,1.00,0.00,0.00,0.25
188,"Poplar- Genus Type",3,9,5500,0.02,0.00,0.64,1.00,0.00,0.00,0.25
189,"Birch- Genus Type",3,10,5500,0.02,0.00,0.64,1.00,0.00,0.00,0.25
190,"Maple- Genus Type",3,11,5500,0.02,0.00,0.64,1.00,0.00,0.00,0.25
191,"Other broad-leaved species- Genus Type",3,12,5500,0.02,0.00,0.64,1.00,0.00,0.00,0.25
192,"Unspecified broad-leaved species- Genus Type",3,13,5500,0.02,0.00,0.64,1.00,0.00,0.00,0.25
193,"Missing Value- Genus Type",1,14,5500,0.02,0.00,0.64,1.00,0.00,0.00,0.25
194,"Softwood Forest Type",1,14,5500,0.02,0.00,0.64,1.00,0.00,0.00,0.25
195,"Harwood Forest Type",3,14,5500,0.02,0.00,0.64,1.00,0.00,0.00,0.25
